21717303,https://github.com/jacobian/valor,jacobian,2014-07-11T01:46:40Z
21717399,https://github.com/Cheffheid/MarvelAPIWrapper,Cheffheid,2014-07-11T01:49:07Z
21716872,https://github.com/vim-scripts/tube.vim,vim-scripts,2014-07-11T01:30:53Z
21717041,https://github.com/guang/teach_info155,guang,2014-07-11T01:35:44Z
21716788,https://github.com/andrewclarkson/luther,andrewclarkson,2014-07-11T01:27:56Z
21717614,https://github.com/youlingman/webapp2-demo,youlingman,2014-07-11T01:55:33Z
21716808,https://github.com/bitcsdby/vanet_gevent,bitcsdby,2014-07-11T01:28:19Z
21716909,https://github.com/brendaw/FilesInfoStatusBar,brendaw,2014-07-11T01:32:09Z
21716512,https://github.com/gooftroop/pyCS,gooftroop,2014-07-11T01:15:25Z
21716566,https://github.com/CMUPracticum/TrailScribeServer,CMUPracticum,2014-07-11T01:17:45Z
21717089,https://github.com/kellegous/sketching,kellegous,2014-07-11T01:37:58Z
21717222,https://github.com/dexX7/MasterBuilder,dexX7,2014-07-11T01:44:01Z
21717593,https://github.com/hooplah/Koa-Reforestation-Game,hooplah,2014-07-11T01:54:22Z
21717066,https://github.com/tinuthomas/vcf-utils,tinuthomas,2014-07-11T01:36:52Z
21717165,https://github.com/jm-/voiz,jm-,2014-07-11T01:41:12Z
21716903,https://github.com/evlabs/python-games,evlabs,2014-07-11T01:31:56Z
21717268,https://github.com/Zhulingjie404960338/zhufile,Zhulingjie404960338,2014-07-11T01:45:11Z
21716150,https://github.com/luckysteven1983/learnPython,luckysteven1983,2014-07-11T01:02:38Z