90978789,https://github.com/omz13/kirby-cache-widgets,omz13,2017-05-11T12:51:55Z
90975816,https://github.com/technovistalimited/notific,technovistalimited,2017-05-11T12:18:21Z
90978393,https://github.com/timurmelnikov/yii2-loading-overlay,timurmelnikov,2017-05-11T12:47:50Z
90976474,https://github.com/yakimka/laravel-notification-channel-turbosms,yakimka,2017-05-11T12:26:20Z
90979203,https://github.com/schoolofnetcom/laravel-modular,schoolofnetcom,2017-05-11T12:56:17Z
90979484,https://github.com/arjunsingh0037/myapp,arjunsingh0037,2017-05-11T12:59:14Z
90977356,https://github.com/Speicher210/eddystone-php,Speicher210,2017-05-11T12:36:10Z
90979421,https://github.com/amon28/Golem-Crate,amon28,2017-05-11T12:58:39Z
90974296,https://github.com/lukaskleinschmidt/kirby-sortable-variants,lukaskleinschmidt,2017-05-11T12:00:21Z
90974760,https://github.com/Matthww/AutoInv,Matthww,2017-05-11T12:05:42Z
90977638,https://github.com/bartkovyak/usi,bartkovyak,2017-05-11T12:39:12Z
90977779,https://github.com/Henduww/chaostForum,Henduww,2017-05-11T12:40:44Z
90977899,https://github.com/heimtech/affiliatetheme,heimtech,2017-05-11T12:42:12Z
90976759,https://github.com/jeyziel/Ican,jeyziel,2017-05-11T12:29:12Z
90974472,https://github.com/mishatsl/misha.tsl,mishatsl,2017-05-11T12:02:15Z
90979159,https://github.com/TheBnl/event-tickets-accounts,TheBnl,2017-05-11T12:55:48Z
90975930,https://github.com/milkaa66/test-work,milkaa66,2017-05-11T12:19:45Z
90976803,https://github.com/Deniol2300/OCNI,Deniol2300,2017-05-11T12:29:37Z
90976201,https://github.com/BorisPStoyanov/SoftUniProject,BorisPStoyanov,2017-05-11T12:23:05Z
90977416,https://github.com/asubkhankulov/stroyka,asubkhankulov,2017-05-11T12:36:44Z
90976068,https://github.com/bluesnapper/Magento-1-,bluesnapper,2017-05-11T12:21:24Z
90975735,https://github.com/tapos007/laravel-api-testing,tapos007,2017-05-11T12:17:25Z
90975901,https://github.com/barbareshet/achdut,barbareshet,2017-05-11T12:19:21Z
90974413,https://github.com/alastair38/begood2017,alastair38,2017-05-11T12:01:38Z
90978120,https://github.com/DaanDV-immalle/Writepad,DaanDV-immalle,2017-05-11T12:44:46Z
90976372,https://github.com/Korol/ls,Korol,2017-05-11T12:25:09Z
90976569,https://github.com/agree2012/htmltry,agree2012,2017-05-11T12:27:12Z
90979213,https://github.com/guoaxing/php,guoaxing,2017-05-11T12:56:25Z
90977719,https://github.com/jobinvcm/d8profile,jobinvcm,2017-05-11T12:40:02Z
90977941,https://github.com/KanchanKulkarni/Dynamic-Web-Page,KanchanKulkarni,2017-05-11T12:42:39Z
90976722,https://github.com/SimonSkapik/RDB2017,SimonSkapik,2017-05-11T12:28:45Z
90978453,https://github.com/Alexsandro555/alexlead,Alexsandro555,2017-05-11T12:48:22Z
90974545,https://github.com/andrejose/comentarios,andrejose,2017-05-11T12:03:04Z
90979015,https://github.com/Trsek/daesung,Trsek,2017-05-11T12:54:03Z
90976234,https://github.com/fingerman/cms-symfony,fingerman,2017-05-11T12:23:29Z
90979492,https://github.com/KensukeYoshida/assignment3week,KensukeYoshida,2017-05-11T12:59:23Z
90976031,https://github.com/AMABK/laraPesa,AMABK,2017-05-11T12:20:58Z
90974564,https://github.com/fraqtop/patterns,fraqtop,2017-05-11T12:03:17Z
90976926,https://github.com/5msolutions/Capita-TI-Magento1,5msolutions,2017-05-11T12:31:04Z
90978070,https://github.com/shrutiupari/day4,shrutiupari,2017-05-11T12:44:07Z
90979091,https://github.com/YoramSp/PHPForum,YoramSp,2017-05-11T12:54:53Z
90977284,https://github.com/setinais/rodokar,setinais,2017-05-11T12:35:12Z
90975593,https://github.com/loevgaard/trustpilot-scraper,loevgaard,2017-05-11T12:15:56Z
90974908,https://github.com/rishabh-gupta12/Polyglot-Pal,rishabh-gupta12,2017-05-11T12:07:49Z
90976914,https://github.com/fdask/munchkin,fdask,2017-05-11T12:30:54Z
90978438,https://github.com/NabyTraore/collectmaster,NabyTraore,2017-05-11T12:48:15Z
90979416,https://github.com/waldek8/flt,waldek8,2017-05-11T12:58:37Z
90977315,https://github.com/FreakONN/jwt-hacking,FreakONN,2017-05-11T12:35:32Z
90977437,https://github.com/machinchoseformation/testou,machinchoseformation,2017-05-11T12:37:03Z
90976660,https://github.com/Akhilkm1996/FOSS_Exam,Akhilkm1996,2017-05-11T12:28:09Z
90977996,https://github.com/willtran/symfony_restapi_sample,willtran,2017-05-11T12:43:04Z
90974422,https://github.com/songpooh/ui-toolchain-demo-20170511115854254,songpooh,2017-05-11T12:01:43Z
90976431,https://github.com/teraflik/news-system,teraflik,2017-05-11T12:25:52Z
90979312,https://github.com/amitkishore007/shop,amitkishore007,2017-05-11T12:57:40Z
90976594,https://github.com/jual14/wordpress-jeanpince,jual14,2017-05-11T12:27:28Z
90974862,https://github.com/valentynkuts/medlibrary,valentynkuts,2017-05-11T12:07:10Z
90979281,https://github.com/Kondrashin/CallbackBundle,Kondrashin,2017-05-11T12:57:14Z
90979533,https://github.com/Lady-kate/yii,Lady-kate,2017-05-11T12:59:56Z
90974396,https://github.com/bindian0509/php-product-rest-api,bindian0509,2017-05-11T12:01:28Z
90974933,https://github.com/crazychouwi/TP-class,crazychouwi,2017-05-11T12:08:14Z
90977295,https://github.com/rabirajkhadka/imaginehelloworld,rabirajkhadka,2017-05-11T12:35:19Z
90978596,https://github.com/digitoimistodude/air-woocommerce,digitoimistodude,2017-05-11T12:50:03Z