4820416,https://github.com/astroufsc/chimera,astroufsc,2012-06-28T12:42:15Z
4820434,https://github.com/dumbbell/virt-manager,dumbbell,2012-06-28T12:43:27Z
4820262,https://github.com/franckinux/django-saladoplayer,franckinux,2012-06-28T12:27:33Z
4820187,https://github.com/i-rinat/comtrade-toy,i-rinat,2012-06-28T12:20:06Z
4820192,https://github.com/polm/everybayes,polm,2012-06-28T12:20:32Z
4820292,https://github.com/hakimovis/tw2vk,hakimovis,2012-06-28T12:30:50Z
4820381,https://github.com/nothize/stat,nothize,2012-06-28T12:39:34Z
4820388,https://github.com/cwahbong/pymcbot,cwahbong,2012-06-28T12:40:17Z