13899348,https://github.com/OddOneOut/bwp-minify,OddOneOut,2013-10-27T10:40:31Z
13899257,https://github.com/daveyheuser/WP-ajax-like-button,daveyheuser,2013-10-27T10:31:02Z
13899270,https://github.com/L0gi/cforms-counter,L0gi,2013-10-27T10:32:45Z
13899265,https://github.com/JurajNyiri/ISGoogleSync,JurajNyiri,2013-10-27T10:32:03Z
13899254,https://github.com/daviddeutsch/tinystage,daviddeutsch,2013-10-27T10:30:39Z
13898969,https://github.com/spoilie/pl_analytics,spoilie,2013-10-27T10:03:06Z
13899425,https://github.com/BersBaD/GalaxyEmpire,BersBaD,2013-10-27T10:47:26Z
13899540,https://github.com/communitypi/communitypi,communitypi,2013-10-27T10:57:48Z
13899025,https://github.com/NatashaLebed/test_composer,NatashaLebed,2013-10-27T10:08:32Z
13899071,https://github.com/stryh/dpub-countdown-custom,stryh,2013-10-27T10:12:08Z
13898958,https://github.com/NatashaLebed/homework3,NatashaLebed,2013-10-27T10:02:28Z
13899451,https://github.com/mephir/rpn,mephir,2013-10-27T10:49:54Z
13899106,https://github.com/danimb1985/HelloDoc,danimb1985,2013-10-27T10:15:15Z
13899119,https://github.com/grantj-re3/SimpleTemplateENgine-Sten,grantj-re3,2013-10-27T10:16:54Z
13899404,https://github.com/capotan/santas,capotan,2013-10-27T10:45:13Z
13899126,https://github.com/jasonmce/inline-define,jasonmce,2013-10-27T10:17:52Z