34664327,https://github.com/dantleech/phpcr-migrations-bundle,dantleech,2015-04-27T12:07:35Z
34666477,https://github.com/Dreamvention/2_d_social_login,Dreamvention,2015-04-27T12:51:44Z
34664748,https://github.com/AlanAboudib/squidgate,AlanAboudib,2015-04-27T12:17:43Z
34664273,https://github.com/hauptmedia/hetzner-robot-client,hauptmedia,2015-04-27T12:06:20Z
34665525,https://github.com/Hulubet/pay.et,Hulubet,2015-04-27T12:31:36Z
34664631,https://github.com/andreaspreuss/xwiterm,andreaspreuss,2015-04-27T12:15:03Z
34666435,https://github.com/n2n/rocket,n2n,2015-04-27T12:50:53Z
34664194,https://github.com/rinkako/ECW,rinkako,2015-04-27T12:04:35Z
34666270,https://github.com/n2n/n2n-persistence,n2n,2015-04-27T12:47:35Z
34665804,https://github.com/PrestaShopCorp/shiptomyid,PrestaShopCorp,2015-04-27T12:38:01Z
34664613,https://github.com/gauravkheterpal/Nexmopress,gauravkheterpal,2015-04-27T12:14:28Z
34665806,https://github.com/gopherproxy/login_int,gopherproxy,2015-04-27T12:38:02Z
34665943,https://github.com/agnetemoos/ting_genre_page,agnetemoos,2015-04-27T12:40:47Z
34664983,https://github.com/gopherproxy/login_a,gopherproxy,2015-04-27T12:21:32Z
34664893,https://github.com/ka215/clis,ka215,2015-04-27T12:19:24Z
34666322,https://github.com/n2n/n2n-util,n2n,2015-04-27T12:48:36Z
34666301,https://github.com/Qaleme/Git,Qaleme,2015-04-27T12:48:10Z
34665460,https://github.com/wp-plugins/justrows-free,wp-plugins,2015-04-27T12:30:21Z
34666504,https://github.com/MohamedFawzy/PhpDataStructure,MohamedFawzy,2015-04-27T12:52:30Z
34666642,https://github.com/oatzpure/up-to-server,oatzpure,2015-04-27T12:55:42Z
34666721,https://github.com/jishadp/angular-laravel,jishadp,2015-04-27T12:57:38Z
34666180,https://github.com/joshavg/PHPHammer,joshavg,2015-04-27T12:45:48Z
34665997,https://github.com/Swaggba/hyperlight,Swaggba,2015-04-27T12:42:08Z
34666220,https://github.com/excelfor/sandbox,excelfor,2015-04-27T12:46:29Z
34666258,https://github.com/wp-plugins/twitter-list-sync,wp-plugins,2015-04-27T12:47:20Z
34666856,https://github.com/glassysky/login-and-reg,glassysky,2015-04-27T12:59:52Z
34664500,https://github.com/choiwoo/assignment4-part1,choiwoo,2015-04-27T12:11:44Z
34665046,https://github.com/Mdesignmodel/Mdesignmode,Mdesignmodel,2015-04-27T12:22:46Z
34666656,https://github.com/maniple/maniple-user,maniple,2015-04-27T12:56:06Z
34664669,https://github.com/Lockrdr/Mashup-tweets-geolocalizables,Lockrdr,2015-04-27T12:15:54Z
34665021,https://github.com/Zamakh/hello-world,Zamakh,2015-04-27T12:22:20Z
34665638,https://github.com/gopherproxy/login_b,gopherproxy,2015-04-27T12:34:19Z
34664163,https://github.com/MacDada/WykopAspieStats,MacDada,2015-04-27T12:03:54Z
34666345,https://github.com/n2n/n2n-reflection,n2n,2015-04-27T12:49:01Z
34664921,https://github.com/l0co/zendMultipayment,l0co,2015-04-27T12:20:09Z
34665429,https://github.com/satansa/yii2_test,satansa,2015-04-27T12:29:36Z
34665148,https://github.com/MrFabkirox/5mvc3objet,MrFabkirox,2015-04-27T12:24:26Z
34665563,https://github.com/sacha36/demo_symfony2,sacha36,2015-04-27T12:32:28Z
34666691,https://github.com/nobleweb/dev,nobleweb,2015-04-27T12:57:04Z
34666615,https://github.com/xpisme/xphp,xpisme,2015-04-27T12:55:10Z
34666647,https://github.com/peakercope/mykohana,peakercope,2015-04-27T12:55:51Z
34664433,https://github.com/ywydigital/The-books-management-system-,ywydigital,2015-04-27T12:10:09Z
34664351,https://github.com/smailmph/todoliste2,smailmph,2015-04-27T12:08:12Z
34666105,https://github.com/n2n/n2n,n2n,2015-04-27T12:44:30Z