78459,https://github.com/wamberg/django-valhalla,wamberg,2008-11-20T01:59:55Z