4537593,https://github.com/bhimsen92/htmldom,bhimsen92,2012-06-03T13:48:45Z
4537550,https://github.com/ipartola/letslide,ipartola,2012-06-03T13:44:47Z
4537350,https://github.com/shevchen/Yandex,shevchen,2012-06-03T13:14:43Z
4537416,https://github.com/carter2000/linecounter,carter2000,2012-06-03T13:24:05Z