155506670,https://github.com/daengwebid/laravel-invoice,daengwebid,2018-10-31T05:59:34Z
155504616,https://github.com/BlakeFunTeis/ThreeDoor-PHP,BlakeFunTeis,2018-10-31T05:38:49Z
155502066,https://github.com/saryoni23/bacend-aplikasi-safety-panli-php-api-php_sederhana,saryoni23,2018-10-31T05:10:15Z
155501984,https://github.com/masterflash-ru/CommerceML,masterflash-ru,2018-10-31T05:09:18Z
155503172,https://github.com/JiangfengLi/Quotations-Service,JiangfengLi,2018-10-31T05:23:14Z
155502300,https://github.com/DarkCurut08/spam-wa,DarkCurut08,2018-10-31T05:13:11Z
155504427,https://github.com/allinred/test-bitrix.ru,allinred,2018-10-31T05:36:51Z
155501245,https://github.com/pandeNatayasa/api_laravel,pandeNatayasa,2018-10-31T05:00:03Z
155504949,https://github.com/itrainfox/GGSSLWHMCS-CN-translations,itrainfox,2018-10-31T05:42:16Z
155503604,https://github.com/MarioCarvalhoBr/how_to_import_and_export_csv_files_using_php_and_mysql,MarioCarvalhoBr,2018-10-31T05:28:08Z
155506656,https://github.com/3A532067/lara_0818_u2p4,3A532067,2018-10-31T05:59:27Z
155504574,https://github.com/ArchitW/RESTful-laravel,ArchitW,2018-10-31T05:38:17Z
155502825,https://github.com/theoremoon/webapplication,theoremoon,2018-10-31T05:19:12Z
155503916,https://github.com/jedrobado/Iloilo_Fleuriste,jedrobado,2018-10-31T05:31:23Z
155501433,https://github.com/CSUMB-Arthur/CST336Lab2,CSUMB-Arthur,2018-10-31T05:02:36Z
155504540,https://github.com/zoddl/backend,zoddl,2018-10-31T05:37:56Z
155504674,https://github.com/3A532051/lara_0818_u2p4,3A532051,2018-10-31T05:39:24Z
155503473,https://github.com/heyang1987/UIstudy,heyang1987,2018-10-31T05:26:49Z
155501478,https://github.com/siva7s/xperia,siva7s,2018-10-31T05:03:06Z
155502461,https://github.com/ashawinm/webLibrary,ashawinm,2018-10-31T05:14:54Z
155503254,https://github.com/joshbmarshall/payum_pxpay,joshbmarshall,2018-10-31T05:24:09Z
155506349,https://github.com/Indemnity83/solder,Indemnity83,2018-10-31T05:56:35Z
155502015,https://github.com/dron79-79/-,dron79-79,2018-10-31T05:09:41Z
155506232,https://github.com/Indemnity83/framework,Indemnity83,2018-10-31T05:55:15Z
155504530,https://github.com/RoniSatria/agtksps2,RoniSatria,2018-10-31T05:37:51Z
155502239,https://github.com/3A532055/lara_0818_u2p4,3A532055,2018-10-31T05:12:26Z
155505233,https://github.com/rinaldydwii/image-assets,rinaldydwii,2018-10-31T05:45:25Z
155503882,https://github.com/SergioFloresG/test-sismos,SergioFloresG,2018-10-31T05:30:56Z
155503378,https://github.com/mishellnovosel/craft3-timediff,mishellnovosel,2018-10-31T05:25:39Z
155504207,https://github.com/sigosoft/ekada,sigosoft,2018-10-31T05:34:30Z
155506470,https://github.com/3A532083/lara_ch05-06,3A532083,2018-10-31T05:57:45Z
155506307,https://github.com/sam110386/xrbsms,sam110386,2018-10-31T05:56:13Z
155506034,https://github.com/RhettTibbitts/Whaabaam-backend,RhettTibbitts,2018-10-31T05:53:22Z
155503975,https://github.com/Nasar-uddin/Brogrammers,Nasar-uddin,2018-10-31T05:31:58Z
155502207,https://github.com/3A532055/lara_ch05-06,3A532055,2018-10-31T05:12:06Z
155501950,https://github.com/dooseopkim/kakaoPlusFriend_torrentKimSSeop,dooseopkim,2018-10-31T05:08:57Z
155505115,https://github.com/myhanyuxuan/hello_laravel,myhanyuxuan,2018-10-31T05:44:03Z
155504371,https://github.com/RanyShao/TestSample,RanyShao,2018-10-31T05:36:18Z
155504827,https://github.com/aleskeychu/vk-poll,aleskeychu,2018-10-31T05:40:56Z
155505181,https://github.com/kawax/discord-project,kawax,2018-10-31T05:44:46Z
155504318,https://github.com/vinicio7/umg,vinicio7,2018-10-31T05:35:42Z