75575148,https://github.com/JunkDaCoder/AuctionHouse,JunkDaCoder,2016-12-05T00:53:23Z
75572897,https://github.com/robiso/wondercms-themes,robiso,2016-12-05T00:02:22Z
75573650,https://github.com/mahathun/dan-woocommerce-reply-to-email,mahathun,2016-12-05T00:21:11Z
75573640,https://github.com/dexbarrett/clockworksms,dexbarrett,2016-12-05T00:21:02Z
75574554,https://github.com/pymelibre/multistore,pymelibre,2016-12-05T00:41:41Z
75572992,https://github.com/Moustachauve/MailSim,Moustachauve,2016-12-05T00:04:55Z
75574336,https://github.com/ella7/nightscout-api-client,ella7,2016-12-05T00:37:02Z
75574466,https://github.com/DaanMeijer/uitagenda,DaanMeijer,2016-12-05T00:39:45Z
75574758,https://github.com/jallowmamadou/ProjectUrsay,jallowmamadou,2016-12-05T00:46:01Z
75574839,https://github.com/jinnguyen/puja-error,jinnguyen,2016-12-05T00:47:37Z
75573806,https://github.com/Yarkhan/nfexml,Yarkhan,2016-12-05T00:24:41Z
75573051,https://github.com/betterphp/duck-cam,betterphp,2016-12-05T00:06:21Z
75574504,https://github.com/bmadani4/EZGC,bmadani4,2016-12-05T00:40:41Z
75572893,https://github.com/iShinta/CS329EWEB-HWK16,iShinta,2016-12-05T00:02:16Z
75573930,https://github.com/loudignam/simmondsbutt,loudignam,2016-12-05T00:27:28Z
75574811,https://github.com/emaestro/unitek,emaestro,2016-12-05T00:47:00Z
75573098,https://github.com/sparkylee/SubmitCSVTable,sparkylee,2016-12-05T00:07:28Z
75575329,https://github.com/manueldenoviembre/examen_php,manueldenoviembre,2016-12-05T00:57:05Z
75573779,https://github.com/TonyNiuCOM/BB_Backend,TonyNiuCOM,2016-12-05T00:24:05Z
75572900,https://github.com/brad2014/myphpapp,brad2014,2016-12-05T00:02:23Z
75574135,https://github.com/AbdullahWali/Channel-Guide-Database-HW,AbdullahWali,2016-12-05T00:32:59Z
75573642,https://github.com/nvbooster/sortingmanager-bundle,nvbooster,2016-12-05T00:21:04Z
75573858,https://github.com/VanBuck/Sample-Website,VanBuck,2016-12-05T00:25:52Z
75572814,https://github.com/KunalRelia/impressions-databaseProject,KunalRelia,2016-12-05T00:00:08Z
75573385,https://github.com/wefaves/server,wefaves,2016-12-05T00:14:09Z
75572848,https://github.com/windellevega/a-simple-LaraCRUD-app,windellevega,2016-12-05T00:01:07Z
75574515,https://github.com/Gil0/curriculum,Gil0,2016-12-05T00:40:55Z
75575395,https://github.com/zokum-no/nssvote,zokum-no,2016-12-05T00:58:22Z
75573986,https://github.com/wemui609/webapp2.6,wemui609,2016-12-05T00:28:43Z