9111836,https://github.com/tempbottle/pylibhack,tempbottle,2013-03-30T05:18:24Z
9111767,https://github.com/hans/isight-streamer,hans,2013-03-30T05:11:47Z
9112168,https://github.com/chu888chu888/Python-SAE-weibo2rss,chu888chu888,2013-03-30T05:55:02Z
9112135,https://github.com/chu888chu888/Python-SAE-appdisk,chu888chu888,2013-03-30T05:51:45Z
9111904,https://github.com/SjB/sublime-text-3-config,SjB,2013-03-30T05:26:07Z
9112080,https://github.com/bhirsch42/textsector,bhirsch42,2013-03-30T05:44:59Z
9111831,https://github.com/robertfw/rested,robertfw,2013-03-30T05:17:55Z
9111807,https://github.com/postindustrial/django-1,postindustrial,2013-03-30T05:16:19Z
9111950,https://github.com/chu888chu888/Python-SAE-weiboVIAweixin,chu888chu888,2013-03-30T05:31:04Z
9112027,https://github.com/hrishikeshio/kaggle-yelp,hrishikeshio,2013-03-30T05:40:05Z
9111799,https://github.com/UndergroundNetworking/pythonScripts,UndergroundNetworking,2013-03-30T05:15:16Z