119851,https://github.com/stueccles/wordpress-capistrano,stueccles,2009-02-02T13:50:42Z