936222,https://github.com/Frumph/comicpress,Frumph,2010-09-24T14:27:00Z
936271,https://github.com/olindata/tribily-zabbix-drupal-module,olindata,2010-09-24T14:49:36Z