28588183,https://github.com/EvolSoft/ServerChannels,EvolSoft,2014-12-29T10:10:21Z
28589136,https://github.com/hannob/rompager-check,hannob,2014-12-29T10:49:17Z
28589168,https://github.com/JigsawYang/favorite,JigsawYang,2014-12-29T10:50:29Z
28588423,https://github.com/vjroby/laravel-pbkdf2,vjroby,2014-12-29T10:20:06Z
28588445,https://github.com/stinGeorge/utivix,stinGeorge,2014-12-29T10:20:42Z
28587971,https://github.com/wmonou/TableHelper,wmonou,2014-12-29T10:02:05Z
28588359,https://github.com/lnacev/newAdmin-v_1_0,lnacev,2014-12-29T10:17:36Z
28588688,https://github.com/rdmordido/bazaarcorner.com,rdmordido,2014-12-29T10:30:19Z
28589027,https://github.com/vexalist/rainmaker-form,vexalist,2014-12-29T10:44:48Z
28589267,https://github.com/Luke984/KTB,Luke984,2014-12-29T10:54:48Z
28588511,https://github.com/etsursalesforce/kolzchut,etsursalesforce,2014-12-29T10:23:10Z
28589019,https://github.com/gerardpastor/dumper,gerardpastor,2014-12-29T10:44:31Z
28589197,https://github.com/ObohPro/Optifree,ObohPro,2014-12-29T10:51:40Z
28588924,https://github.com/SuddyaTOXA/Drupal_GH,SuddyaTOXA,2014-12-29T10:39:50Z
28588305,https://github.com/ashokkadali/test123456,ashokkadali,2014-12-29T10:15:24Z
28589073,https://github.com/digecon/moodle-local_kms,digecon,2014-12-29T10:46:41Z
28588143,https://github.com/urbios/AQUI-TEST,urbios,2014-12-29T10:08:37Z
28588257,https://github.com/indxxcapital/eod,indxxcapital,2014-12-29T10:13:39Z
28588609,https://github.com/epic-kaso/supergeeks-gadgetswap-widget,epic-kaso,2014-12-29T10:26:58Z
28588078,https://github.com/rbsl-ankitjain/test,rbsl-ankitjain,2014-12-29T10:06:16Z
28588171,https://github.com/ektasiwani/splunk_mode_example,ektasiwani,2014-12-29T10:09:58Z
28588773,https://github.com/kaifazhe/app,kaifazhe,2014-12-29T10:33:42Z
28589185,https://github.com/aistis-/category-recursive-iterative,aistis-,2014-12-29T10:51:08Z
28588331,https://github.com/visol/docker-egroupware,visol,2014-12-29T10:16:29Z
28588987,https://github.com/gibilogic/firewall-rsfiles,gibilogic,2014-12-29T10:42:49Z
28588336,https://github.com/Caseledde/Soateba,Caseledde,2014-12-29T10:16:41Z
28588232,https://github.com/Refferron-login/Test,Refferron-login,2014-12-29T10:12:35Z
28588899,https://github.com/garrettblakeman/FCP,garrettblakeman,2014-12-29T10:38:40Z