299599,https://github.com/karfai/cdb,karfai,2009-09-07T02:50:20Z