132040644,https://github.com/Pure-L0G1C/Proxies,Pure-L0G1C,2018-05-03T19:28:48Z
132040884,https://github.com/foss-dev/info,foss-dev,2018-05-03T19:31:28Z
132040415,https://github.com/joaompinto/ctinspector,joaompinto,2018-05-03T19:26:39Z
132039991,https://github.com/gmansir/BatSIGNAL,gmansir,2018-05-03T19:21:57Z
132038900,https://github.com/TariqCannonier/Garbage,TariqCannonier,2018-05-03T19:11:07Z
132037952,https://github.com/AgID/competenze-digitali-docs,AgID,2018-05-03T19:01:15Z
132040197,https://github.com/brandonwillard/hsplus-python,brandonwillard,2018-05-03T19:24:23Z
132039449,https://github.com/wangyirui/Attentional-NMT,wangyirui,2018-05-03T19:16:08Z
132038644,https://github.com/smirnovvad/students_api,smirnovvad,2018-05-03T19:08:29Z
132041423,https://github.com/zenelk/ScriptUtils,zenelk,2018-05-03T19:37:51Z
132038572,https://github.com/n-Burn/blender-utilities,n-Burn,2018-05-03T19:07:50Z
132043303,https://github.com/kfirbar/depression-classifier,kfirbar,2018-05-03T19:58:03Z
132041735,https://github.com/lozuwa/mlpy,lozuwa,2018-05-03T19:41:03Z
132041770,https://github.com/OpUs-Nebula/Simple-RandomForest-BTC-Model,OpUs-Nebula,2018-05-03T19:41:23Z
132039493,https://github.com/hultdin/nsmfoo,hultdin,2018-05-03T19:16:30Z
132040118,https://github.com/jpfergongithub/treeTheil,jpfergongithub,2018-05-03T19:23:23Z
132041629,https://github.com/turabekh/Flask-autocomplete-countries,turabekh,2018-05-03T19:39:56Z
132040565,https://github.com/Opinionytics/opinionytics-features-python,Opinionytics,2018-05-03T19:28:03Z
132038070,https://github.com/tomcastro/licensePlateDatasetGenerator,tomcastro,2018-05-03T19:02:35Z
132039013,https://github.com/mosiahr/django_ajax_task_manager,mosiahr,2018-05-03T19:12:12Z
132041198,https://github.com/ljarabek/DL_BRATS,ljarabek,2018-05-03T19:35:10Z
132038802,https://github.com/jordanrsteele/CTCL,jordanrsteele,2018-05-03T19:10:06Z
132041422,https://github.com/mosaicsad/machine_learning,mosaicsad,2018-05-03T19:37:50Z
132041449,https://github.com/vinaybranham/ml,vinaybranham,2018-05-03T19:38:14Z
132038786,https://github.com/lstillwe/asgs-msgr,lstillwe,2018-05-03T19:10:00Z
132040774,https://github.com/nagasudhirpulla/python_night_report,nagasudhirpulla,2018-05-03T19:30:21Z
132040787,https://github.com/gongjoonamu/machine-learning,gongjoonamu,2018-05-03T19:30:29Z
132041098,https://github.com/Kiyoshimo/Works,Kiyoshimo,2018-05-03T19:33:49Z
132037950,https://github.com/rebeccanesson/checks,rebeccanesson,2018-05-03T19:01:14Z
132042001,https://github.com/RuntimeError123/hass-lcd,RuntimeError123,2018-05-03T19:43:51Z
132038795,https://github.com/surferek/Networking,surferek,2018-05-03T19:10:02Z
132042863,https://github.com/danitage/parqueadero,danitage,2018-05-03T19:53:13Z
132043462,https://github.com/QuantumElephant/densitymatrices,QuantumElephant,2018-05-03T19:59:49Z
132042044,https://github.com/iwatts/Python,iwatts,2018-05-03T19:44:15Z
132040985,https://github.com/weiliang1103/onlinelibrary,weiliang1103,2018-05-03T19:32:32Z
132039257,https://github.com/notrodta/big_data_lab10,notrodta,2018-05-03T19:14:31Z
132040270,https://github.com/laijingtao/pism-valley,laijingtao,2018-05-03T19:25:15Z
132039559,https://github.com/Tlee94/bigdatalab10,Tlee94,2018-05-03T19:17:20Z
132039642,https://github.com/gmurr20/CS410FinalProject,gmurr20,2018-05-03T19:18:13Z
132039455,https://github.com/b-verify/scale-read-script,b-verify,2018-05-03T19:16:13Z
132038606,https://github.com/plasmarine0/githubtest,plasmarine0,2018-05-03T19:08:11Z
132042858,https://github.com/cormacdoyle/BattleShips,cormacdoyle,2018-05-03T19:53:09Z
132042936,https://github.com/kkj6781/neon-asset,kkj6781,2018-05-03T19:54:07Z
132041484,https://github.com/Fatimafaz/Assignment5,Fatimafaz,2018-05-03T19:38:37Z
132041952,https://github.com/Yale-PATR/ACCORD,Yale-PATR,2018-05-03T19:43:24Z
132038042,https://github.com/silvinho485/intents_catcher,silvinho485,2018-05-03T19:02:11Z
132038044,https://github.com/dklein1211/Portfolio,dklein1211,2018-05-03T19:02:11Z
132042761,https://github.com/scheung38/ansible-ansiColor,scheung38,2018-05-03T19:52:09Z
132038809,https://github.com/elqod13/HelloWorld,elqod13,2018-05-03T19:10:10Z
132040831,https://github.com/crystalhaohua0408/INF553_zhtstudent,crystalhaohua0408,2018-05-03T19:30:57Z
132042068,https://github.com/celery1124/aggiestack,celery1124,2018-05-03T19:44:27Z
132039926,https://github.com/jamiegavis/Memoire-Des-Hommes,jamiegavis,2018-05-03T19:21:22Z
132038101,https://github.com/GustavoMonardez/python-flask-cd-great-number-game,GustavoMonardez,2018-05-03T19:02:52Z
132038137,https://github.com/BrandonOakes/worklog_orm_peewee,BrandonOakes,2018-05-03T19:03:23Z
132042236,https://github.com/dghoshal-lbl/madats,dghoshal-lbl,2018-05-03T19:46:22Z
132041578,https://github.com/keisks/ungrammarly,keisks,2018-05-03T19:39:24Z
132041950,https://github.com/ChristineSamir/lliiyy,ChristineSamir,2018-05-03T19:43:19Z
132042027,https://github.com/SalunMarvin/flask-api,SalunMarvin,2018-05-03T19:44:07Z
132040716,https://github.com/Deepaksinghmadan/Project-1-Data-Wranglings,Deepaksinghmadan,2018-05-03T19:29:34Z
132041308,https://github.com/Alenale/thunder,Alenale,2018-05-03T19:36:26Z
132038914,https://github.com/miguelmontiel30/Python_promedios,miguelmontiel30,2018-05-03T19:11:14Z
132039061,https://github.com/11USERNAME11/cryptochat,11USERNAME11,2018-05-03T19:12:48Z
132041707,https://github.com/zainabnaveed/Scheduling-Assignment,zainabnaveed,2018-05-03T19:40:50Z
132040249,https://github.com/qugok/GameOfLife,qugok,2018-05-03T19:24:56Z
132042563,https://github.com/osdi18paper67/collection,osdi18paper67,2018-05-03T19:49:58Z
132042852,https://github.com/ShmimotheusV/ProjectFlaggyFlag,ShmimotheusV,2018-05-03T19:53:04Z
132040482,https://github.com/chenqizhao/humanactivitydetect,chenqizhao,2018-05-03T19:27:15Z
132040501,https://github.com/crystalhaohua0408/INF553_zhtpandog,crystalhaohua0408,2018-05-03T19:27:24Z
132039187,https://github.com/chenqizhao/stockquote,chenqizhao,2018-05-03T19:13:52Z
132043431,https://github.com/guidorugo/scripting,guidorugo,2018-05-03T19:59:32Z
132040956,https://github.com/jawello/vk_wall_parser,jawello,2018-05-03T19:32:16Z
132038953,https://github.com/greenspectrum/base_people,greenspectrum,2018-05-03T19:11:39Z
132039027,https://github.com/apham024/polarity,apham024,2018-05-03T19:12:24Z
132039090,https://github.com/buttabu/BDM-Lab10,buttabu,2018-05-03T19:12:58Z
132042984,https://github.com/Parmeetsinghsaluja/Pun-Detection-and-Interpretation,Parmeetsinghsaluja,2018-05-03T19:54:35Z
132042430,https://github.com/shotarok/labgsheet,shotarok,2018-05-03T19:48:28Z
132040454,https://github.com/NiceLifeInBasement/DummyCRFGrid,NiceLifeInBasement,2018-05-03T19:27:00Z
132041029,https://github.com/crystalhaohua0408/INF553_brian,crystalhaohua0408,2018-05-03T19:32:58Z
132039478,https://github.com/JohnChattaway/ExchangeCodingExercise,JohnChattaway,2018-05-03T19:16:24Z
132038501,https://github.com/godofchina/PythonPracticeCode,godofchina,2018-05-03T19:07:05Z
132038700,https://github.com/Robin1126/python,Robin1126,2018-05-03T19:09:09Z
132040205,https://github.com/gokaykayki/Kriptografi,gokaykayki,2018-05-03T19:24:28Z
132042328,https://github.com/fohristiwhirl/simple_lichess_bridge,fohristiwhirl,2018-05-03T19:47:14Z
132043015,https://github.com/sirtomato999/timer,sirtomato999,2018-05-03T19:54:57Z
132040188,https://github.com/evaristorivi/PROBAR_DJANGO,evaristorivi,2018-05-03T19:24:20Z
132042329,https://github.com/NateAGeek/SaySpotify,NateAGeek,2018-05-03T19:47:16Z
132037879,https://github.com/awsandrewpark/aws-opsworkscm-server-mgmt-lambda-sources,awsandrewpark,2018-05-03T19:00:23Z
132042956,https://github.com/NischalaRajaShekar/256-bit-RSA-implementation-with-encryption-and-decryption,NischalaRajaShekar,2018-05-03T19:54:16Z
132042959,https://github.com/mortrick/Scryptofolio,mortrick,2018-05-03T19:54:17Z
132043268,https://github.com/EserFromCambridge/TestForCodeCov,EserFromCambridge,2018-05-03T19:57:41Z
132038646,https://github.com/mrliconti/SmallCrawl,mrliconti,2018-05-03T19:08:33Z
132041031,https://github.com/xzou000/lab10,xzou000,2018-05-03T19:33:00Z
132041363,https://github.com/jameswenzel/Fractal-Midi,jameswenzel,2018-05-03T19:37:06Z
132040050,https://github.com/michaelbrittain/machine_learning,michaelbrittain,2018-05-03T19:22:42Z
132038833,https://github.com/adamMolner/django-registration-application,adamMolner,2018-05-03T19:10:25Z
132040954,https://github.com/girishb98/Google-Stock-Price-Prediction-Using-RNN,girishb98,2018-05-03T19:32:16Z
132040640,https://github.com/AndresMWeber/udemy-flask-and-python,AndresMWeber,2018-05-03T19:28:45Z
132040646,https://github.com/crystalhaohua0408/INF553_vpravi,crystalhaohua0408,2018-05-03T19:28:51Z
132039791,https://github.com/worgil/blog,worgil,2018-05-03T19:19:49Z
132038496,https://github.com/jolampi/old-maze,jolampi,2018-05-03T19:07:03Z
132043089,https://github.com/Ciunas/MotionSshConfig,Ciunas,2018-05-03T19:55:47Z
132038233,https://github.com/thisfo/hello-world,thisfo,2018-05-03T19:04:33Z
132038249,https://github.com/badamato/mypythgame,badamato,2018-05-03T19:04:43Z
132043326,https://github.com/nanny07/DeejayReloadToXml,nanny07,2018-05-03T19:58:15Z
132043404,https://github.com/YaxinCheng/DalCourseChecker,YaxinCheng,2018-05-03T19:59:14Z
132039485,https://github.com/Shekyno6/TestGitHubRepository,Shekyno6,2018-05-03T19:16:26Z
132038835,https://github.com/dokeeffe/yaffv,dokeeffe,2018-05-03T19:10:26Z
132041124,https://github.com/rhong3/Lionnet_Rotation,rhong3,2018-05-03T19:34:09Z
132038973,https://github.com/rupeshbasnet/nyc_taxi,rupeshbasnet,2018-05-03T19:11:49Z
132039253,https://github.com/soroborY/falanster,soroborY,2018-05-03T19:14:30Z
132041317,https://github.com/edubs/lpthw,edubs,2018-05-03T19:36:32Z
132037919,https://github.com/herlo/jenkins-test,herlo,2018-05-03T19:00:49Z
132041472,https://github.com/python-variants/sphinx_autodoc_variants,python-variants,2018-05-03T19:38:27Z
132038009,https://github.com/turabekh/Flask-Ajax-Autocomplete-US-states,turabekh,2018-05-03T19:01:47Z
132042472,https://github.com/jpvlsmv/python-rmdups,jpvlsmv,2018-05-03T19:48:50Z
132040169,https://github.com/nimeshkverma/Levenshtein,nimeshkverma,2018-05-03T19:24:03Z
132042308,https://github.com/neslihanaydin/Kriptografi,neslihanaydin,2018-05-03T19:47:06Z
132040442,https://github.com/dfpeck/warframe-primetracker,dfpeck,2018-05-03T19:26:54Z
132040594,https://github.com/jamiegavis/Sina-Scraping,jamiegavis,2018-05-03T19:28:17Z
132038594,https://github.com/austinlasseter/usa-unemployment-2016,austinlasseter,2018-05-03T19:08:01Z
132038596,https://github.com/sesameabowhill/util,sesameabowhill,2018-05-03T19:08:02Z
132042576,https://github.com/csxeba/bayesforge,csxeba,2018-05-03T19:50:08Z
132040202,https://github.com/Medium-One/Nordic-Thingy-Raspberry-Pi-Medium-One,Medium-One,2018-05-03T19:24:26Z
132038351,https://github.com/Roger9010/My-project,Roger9010,2018-05-03T19:05:35Z
132039404,https://github.com/ssreckovic/nqueens,ssreckovic,2018-05-03T19:15:47Z
132041736,https://github.com/cemeka/ScrabbleAI,cemeka,2018-05-03T19:41:03Z
132041187,https://github.com/schpencer/hs100,schpencer,2018-05-03T19:35:02Z
132039325,https://github.com/RikeshGVSU/TSPwithGA,RikeshGVSU,2018-05-03T19:15:08Z
132039874,https://github.com/jckcheung09/Treehouse,jckcheung09,2018-05-03T19:20:43Z
132040657,https://github.com/carlosgiralt/example-aws-step-functions,carlosgiralt,2018-05-03T19:28:57Z
132042359,https://github.com/girishb98/Clustering-of-Mall-Customers,girishb98,2018-05-03T19:47:36Z
132042458,https://github.com/jrutyna/git-first_repo,jrutyna,2018-05-03T19:48:41Z
132037873,https://github.com/girishb98/Churn-Modelling-using-ANN,girishb98,2018-05-03T19:00:19Z
132037937,https://github.com/rohitrajcse/CS460-360-Project,rohitrajcse,2018-05-03T19:01:05Z
132039448,https://github.com/CxAalto/niimpy,CxAalto,2018-05-03T19:16:08Z
132042101,https://github.com/jar398/testbed,jar398,2018-05-03T19:44:47Z
132039366,https://github.com/redraw/inmodia,redraw,2018-05-03T19:15:33Z
132039703,https://github.com/andrei-baltat/parser-validation,andrei-baltat,2018-05-03T19:18:52Z
132039730,https://github.com/Islamahmed53/Design-Graphics1,Islamahmed53,2018-05-03T19:19:14Z
132038008,https://github.com/dhawal424/Scraping-images-with-Python-and-Scrapy,dhawal424,2018-05-03T19:01:47Z
132041232,https://github.com/mhijack/video-game-sales-analysis,mhijack,2018-05-03T19:35:28Z
132039393,https://github.com/Holly-E/Citation_Graphs,Holly-E,2018-05-03T19:15:43Z
132041949,https://github.com/MkoniecOfficial/discord,MkoniecOfficial,2018-05-03T19:43:19Z
132043124,https://github.com/Terry-James/Hangman-Game,Terry-James,2018-05-03T19:56:09Z
132042444,https://github.com/aroques/perceptron,aroques,2018-05-03T19:48:35Z
132041729,https://github.com/essalguero/VisualizacionDatos_VTK,essalguero,2018-05-03T19:41:01Z
132039878,https://github.com/jirayr2609/Big_Data,jirayr2609,2018-05-03T19:20:46Z
132039975,https://github.com/SP-18-Data-Analysis/table-manipulations-mauricioherrera,SP-18-Data-Analysis,2018-05-03T19:21:52Z
132040075,https://github.com/psilentp/flylib,psilentp,2018-05-03T19:22:58Z
132037941,https://github.com/Maryville-SWDV-660-MASTER/python-dad-joke,Maryville-SWDV-660-MASTER,2018-05-03T19:01:10Z
132039744,https://github.com/ThomasjD/Factpalinime,ThomasjD,2018-05-03T19:19:23Z
132041063,https://github.com/monicasmith463/ratings-2,monicasmith463,2018-05-03T19:33:19Z
132040293,https://github.com/LANTHEMAN/RBE3002_TurtleBot3,LANTHEMAN,2018-05-03T19:25:27Z
132040308,https://github.com/branks42/RaspPiBar,branks42,2018-05-03T19:25:39Z
132037892,https://github.com/carl-benson/average-on-demand-instance-usage,carl-benson,2018-05-03T19:00:29Z
132037926,https://github.com/WatermelonCircle/BehaviorCloning,WatermelonCircle,2018-05-03T19:00:53Z
132042895,https://github.com/tusharv97/Railway-Reservation-System,tusharv97,2018-05-03T19:53:36Z
132040222,https://github.com/damienigg/ToxicShit,damienigg,2018-05-03T19:24:40Z
132041900,https://github.com/CaioEduCanestraro/My-First-Blog,CaioEduCanestraro,2018-05-03T19:42:45Z
132040662,https://github.com/Kerdzius/EuroJackpot,Kerdzius,2018-05-03T19:29:01Z
132040776,https://github.com/NeonGod314/Algorithms,NeonGod314,2018-05-03T19:30:22Z
132040007,https://github.com/SayneGit/Stagiaire,SayneGit,2018-05-03T19:22:10Z
132042352,https://github.com/ivanbochenko/pets,ivanbochenko,2018-05-03T19:47:32Z
132041369,https://github.com/danx0r/getgit,danx0r,2018-05-03T19:37:12Z
132042609,https://github.com/gcoop-libre/trytond-product_recompute_price,gcoop-libre,2018-05-03T19:50:26Z
132042626,https://github.com/Aboualy/Pythonchallenge,Aboualy,2018-05-03T19:50:38Z
132038112,https://github.com/kyleb13/Pentago,kyleb13,2018-05-03T19:03:01Z
132038193,https://github.com/Beautimind/cse587-Lab3,Beautimind,2018-05-03T19:03:58Z