121941925,https://github.com/aldvine/gestevent,aldvine,2018-02-18T10:36:10Z
121940417,https://github.com/fredrikv/text-util,fredrikv,2018-02-18T10:13:09Z
121942178,https://github.com/ParadiseWalker/paradise,ParadiseWalker,2018-02-18T10:39:39Z
121939837,https://github.com/Omar-Allam/pharama-app,Omar-Allam,2018-02-18T10:04:59Z
121942046,https://github.com/eugenesidash/miskspb,eugenesidash,2018-02-18T10:37:38Z
121940600,https://github.com/shinanye/validate,shinanye,2018-02-18T10:15:55Z
121940759,https://github.com/avasiliev1/MediaBot,avasiliev1,2018-02-18T10:18:37Z
121940218,https://github.com/tegar09/porosfm,tegar09,2018-02-18T10:10:25Z
121942816,https://github.com/rangaraaj/histogram,rangaraaj,2018-02-18T10:48:49Z
121943072,https://github.com/DrissBelaroussi/stageGeojson,DrissBelaroussi,2018-02-18T10:52:49Z
121943068,https://github.com/jbelien/jforum,jbelien,2018-02-18T10:52:47Z
121941970,https://github.com/monishkarwal/File-Upload-PHP,monishkarwal,2018-02-18T10:36:42Z
121943001,https://github.com/Andricksen/kuria,Andricksen,2018-02-18T10:51:33Z
121940536,https://github.com/KawakitaS/kadai-microposts,KawakitaS,2018-02-18T10:14:48Z
121941895,https://github.com/Javiorpita/Music,Javiorpita,2018-02-18T10:35:35Z
121943141,https://github.com/mickyGit/Activity-OCGit,mickyGit,2018-02-18T10:54:05Z
121943353,https://github.com/bearname/backend-labs,bearname,2018-02-18T10:56:59Z
121941840,https://github.com/ridwanpandi/blog-package,ridwanpandi,2018-02-18T10:34:51Z
121941228,https://github.com/yoichigmf/otasukebot,yoichigmf,2018-02-18T10:25:34Z
121941721,https://github.com/dravenk/taxonomy-per-user,dravenk,2018-02-18T10:33:02Z
121943272,https://github.com/Try118/sign,Try118,2018-02-18T10:55:47Z
121940887,https://github.com/iyyappandrupal/adroll,iyyappandrupal,2018-02-18T10:20:31Z
121939875,https://github.com/uchanbi/selenium,uchanbi,2018-02-18T10:05:25Z
121943032,https://github.com/iJanki/SEOstatsBundle,iJanki,2018-02-18T10:52:14Z
121939904,https://github.com/michellesanver/omnomhub,michellesanver,2018-02-18T10:06:04Z
121943024,https://github.com/stephbug/service-bus,stephbug,2018-02-18T10:52:06Z
121943054,https://github.com/elsbury13/doggies-api,elsbury13,2018-02-18T10:52:29Z
121941022,https://github.com/gollilla/KillPvP,gollilla,2018-02-18T10:22:31Z
121942562,https://github.com/gitforpac/fortracker,gitforpac,2018-02-18T10:45:11Z
121940404,https://github.com/kubrautman/PhpPersonalList,kubrautman,2018-02-18T10:12:58Z
121939992,https://github.com/ed85w/wordpress-theme-test,ed85w,2018-02-18T10:07:18Z