55009465,https://github.com/drupalcampgr/page2016,drupalcampgr,2016-03-29T20:47:49Z
55008039,https://github.com/eliorivero/wp-admin-voice,eliorivero,2016-03-29T20:23:42Z
55009338,https://github.com/TylerB24890/Press-Export,TylerB24890,2016-03-29T20:45:33Z
55007778,https://github.com/sathishnec/larvel,sathishnec,2016-03-29T20:19:01Z
55007446,https://github.com/jubicoy/drupal8-docker,jubicoy,2016-03-29T20:13:30Z
55008540,https://github.com/alaiy/csgoonlinebot,alaiy,2016-03-29T20:31:56Z
55008554,https://github.com/MehmoodHussain/Begineer,MehmoodHussain,2016-03-29T20:32:05Z
55008847,https://github.com/erik-ruiter/demo,erik-ruiter,2016-03-29T20:37:16Z
55009811,https://github.com/sartin1/fuerzasespeciales,sartin1,2016-03-29T20:54:14Z
55009856,https://github.com/miguelsaddress/phpunctional,miguelsaddress,2016-03-29T20:55:11Z
55008647,https://github.com/vardump/WP-TimeCop,vardump,2016-03-29T20:33:34Z
55007262,https://github.com/Ilkzz/Bits-and-Pieces,Ilkzz,2016-03-29T20:10:18Z
55007399,https://github.com/Satyanandana/PizzaStoreWebservice,Satyanandana,2016-03-29T20:12:43Z
55006713,https://github.com/Dragooon/gci-php-sdk,Dragooon,2016-03-29T20:00:49Z
55007031,https://github.com/saimaz/BloodInNeed,saimaz,2016-03-29T20:06:18Z
55009433,https://github.com/lukasjuhas/rest-api,lukasjuhas,2016-03-29T20:47:18Z
55009256,https://github.com/PauloMarceloNogueira/rianmartins,PauloMarceloNogueira,2016-03-29T20:44:10Z
55009027,https://github.com/codecloud/shopify-api-client,codecloud,2016-03-29T20:40:18Z
55006923,https://github.com/ScatMan37/DogAnima,ScatMan37,2016-03-29T20:04:16Z
55007642,https://github.com/Blanuska/simplelibrary,Blanuska,2016-03-29T20:16:46Z
55009312,https://github.com/alonso05/phpAuth,alonso05,2016-03-29T20:44:55Z
55007967,https://github.com/laravel-tours/laravel-5.0.2,laravel-tours,2016-03-29T20:22:36Z
55007912,https://github.com/matiasaad/jus,matiasaad,2016-03-29T20:21:38Z
55006902,https://github.com/remi-san/word-selector,remi-san,2016-03-29T20:03:51Z
55009924,https://github.com/haseebiftikhar/wifiShield,haseebiftikhar,2016-03-29T20:56:37Z
55008575,https://github.com/raonyguimaraes/Google-Blog-for-WordPress,raonyguimaraes,2016-03-29T20:32:28Z
55007225,https://github.com/Satyanandana/PizzaStore,Satyanandana,2016-03-29T20:09:45Z
55008920,https://github.com/codewe/ChamaApp,codewe,2016-03-29T20:38:35Z
55006893,https://github.com/codewe/CalQ-API,codewe,2016-03-29T20:03:48Z
55009690,https://github.com/BeautyCoding/apiutils,BeautyCoding,2016-03-29T20:52:03Z
55007003,https://github.com/Torchlight-Technology/cakephp-database-log,Torchlight-Technology,2016-03-29T20:05:51Z
55009101,https://github.com/amandatavares/theme-wordpress,amandatavares,2016-03-29T20:41:49Z
55008979,https://github.com/chepe940794/prograweb1_correo_proyecto,chepe940794,2016-03-29T20:39:29Z
55010093,https://github.com/chepe940794/respaldo_correoU,chepe940794,2016-03-29T20:58:48Z
55010034,https://github.com/inrodrigo/minibill,inrodrigo,2016-03-29T20:57:57Z