135136002,https://github.com/liyongze/lstm_speaker_verification,liyongze,2018-05-28T08:59:02Z
135134876,https://github.com/PacktPublishing/Mastering-Machine-Learning-Algorithms,PacktPublishing,2018-05-28T08:50:10Z
135129190,https://github.com/Ultimaker/k8s-mongo-operator,Ultimaker,2018-05-28T08:02:16Z
135135275,https://github.com/lizhengwei1992/IDN-pytorch,lizhengwei1992,2018-05-28T08:53:22Z
135132943,https://github.com/Reyoth/spytank,Reyoth,2018-05-28T08:34:20Z
135133009,https://github.com/OrganicMaterialsDatabase/EBS-search,OrganicMaterialsDatabase,2018-05-28T08:34:50Z
135132850,https://github.com/nemesszili/gaitrec,nemesszili,2018-05-28T08:33:34Z
135134017,https://github.com/xiaoqinzhe/SeqFlow,xiaoqinzhe,2018-05-28T08:42:52Z
135134146,https://github.com/Bigwode/Multi-label-Classification,Bigwode,2018-05-28T08:43:56Z
135131750,https://github.com/iotPeanut/iotSystem-twisted,iotPeanut,2018-05-28T08:24:03Z
135129963,https://github.com/e-dt/strikesy,e-dt,2018-05-28T08:08:55Z
135135556,https://github.com/tiefpunkt/evernote2html,tiefpunkt,2018-05-28T08:55:23Z
135130256,https://github.com/CMS-HTT/2017-sync,CMS-HTT,2018-05-28T08:11:33Z
135131116,https://github.com/amitupreti/nepalinews-web-scraper-and-upload-data-to-firebase,amitupreti,2018-05-28T08:18:48Z
135133542,https://github.com/jbbarth/django-partial-forms-example,jbbarth,2018-05-28T08:39:06Z
135133062,https://github.com/Apcan/OfficeToPdf.py,Apcan,2018-05-28T08:35:18Z
135134152,https://github.com/Miru302/RandomScripts,Miru302,2018-05-28T08:44:01Z
135131489,https://github.com/Little-Linzi/cs_omp,Little-Linzi,2018-05-28T08:21:50Z
135135259,https://github.com/asepmaulanaismail/aws-face-recognition,asepmaulanaismail,2018-05-28T08:53:17Z
135130047,https://github.com/xjiayuan/gakki_pic,xjiayuan,2018-05-28T08:09:33Z
135135523,https://github.com/Shoyee/Bigball-eat-Smallball,Shoyee,2018-05-28T08:55:14Z
135135348,https://github.com/madaari/CANSAT-18-TEAM_KALPANA_1,madaari,2018-05-28T08:54:08Z
135133172,https://github.com/Shoyee/animateball,Shoyee,2018-05-28T08:36:02Z
135134179,https://github.com/Dolraj/Artificial_assistant,Dolraj,2018-05-28T08:44:16Z
135134967,https://github.com/guokangf/learningPython,guokangf,2018-05-28T08:50:47Z
135129532,https://github.com/crazbot/django-tinymce,crazbot,2018-05-28T08:05:26Z
135129639,https://github.com/cutoutsy/cs224n,cutoutsy,2018-05-28T08:06:16Z
135135046,https://github.com/enegenti/MySuperMario2,enegenti,2018-05-28T08:51:29Z
135132339,https://github.com/MichaelShn/cloudify-simple-rms-plugin,MichaelShn,2018-05-28T08:28:55Z
135132344,https://github.com/kiranchigurupati/Logs--analysis,kiranchigurupati,2018-05-28T08:28:59Z
135130809,https://github.com/xjiayuan/tenyuan_pic,xjiayuan,2018-05-28T08:16:11Z
135133068,https://github.com/daemonio/wallet-iota-python,daemonio,2018-05-28T08:35:22Z
135131370,https://github.com/vermakartik/testplate,vermakartik,2018-05-28T08:20:47Z
135129367,https://github.com/itamartalmon/tau-rl-course-project,itamartalmon,2018-05-28T08:03:55Z
135131810,https://github.com/amitupreti/nepalinews-scraper-and-upload-scraped-data-to-mysql,amitupreti,2018-05-28T08:24:29Z
135133885,https://github.com/gitxiaojun/blog,gitxiaojun,2018-05-28T08:41:46Z
135133284,https://github.com/zerlee/django-polls,zerlee,2018-05-28T08:37:00Z
135135445,https://github.com/lakshmanraob/python_todo,lakshmanraob,2018-05-28T08:54:41Z
135130240,https://github.com/machinereading/re-b2k,machinereading,2018-05-28T08:11:26Z
135129182,https://github.com/fakhar-uddin/Text-Classification-using-weka,fakhar-uddin,2018-05-28T08:02:07Z
135129346,https://github.com/BigWhiteFly/myDeepLearning,BigWhiteFly,2018-05-28T08:03:47Z
135129712,https://github.com/srishti-1903/Rock_Paper_Scisosrs,srishti-1903,2018-05-28T08:06:52Z
135129715,https://github.com/yfCherry/GitHub_Crawl,yfCherry,2018-05-28T08:06:56Z
135129751,https://github.com/0ver-fl0w/MuddyWater,0ver-fl0w,2018-05-28T08:07:15Z
135133466,https://github.com/aniket0511/Password_Generator,aniket0511,2018-05-28T08:38:29Z
135131992,https://github.com/lindthur/EasterEgg,lindthur,2018-05-28T08:26:12Z
135129943,https://github.com/juran1993/Information-Statistics-of-WeChat-Friends-with-Python,juran1993,2018-05-28T08:08:46Z
135130149,https://github.com/XcalableMP/manual,XcalableMP,2018-05-28T08:10:27Z
135134051,https://github.com/yiikai/tripletMNIST,yiikai,2018-05-28T08:43:08Z
135132933,https://github.com/Digaant/Multiple-Linear-Regression,Digaant,2018-05-28T08:34:15Z
135132938,https://github.com/Melesew/age-gender-net-evaluation,Melesew,2018-05-28T08:34:18Z
135131949,https://github.com/3Cement/Polls_App-Django,3Cement,2018-05-28T08:25:52Z
135133273,https://github.com/Grigusky/noob_service,Grigusky,2018-05-28T08:36:53Z
135134000,https://github.com/Tarun17/pvh-test,Tarun17,2018-05-28T08:42:45Z
135132286,https://github.com/BombaGR/labDpp,BombaGR,2018-05-28T08:28:32Z
135130186,https://github.com/whitenightwu/tensorflow-quant-project-official_mobilenet,whitenightwu,2018-05-28T08:10:54Z
135133193,https://github.com/dariarz0110/AskMate2.11,dariarz0110,2018-05-28T08:36:11Z
135130113,https://github.com/myuksektepe/tesseract4-ocr,myuksektepe,2018-05-28T08:10:07Z
135134571,https://github.com/djangomentor/hello_world,djangomentor,2018-05-28T08:47:25Z
135135686,https://github.com/r06944010/QANet-KGB,r06944010,2018-05-28T08:56:22Z
135131157,https://github.com/zhanglianghhh/open-falcon_plugin,zhanglianghhh,2018-05-28T08:19:09Z
135132128,https://github.com/tisnik/python-programming-courses,tisnik,2018-05-28T08:27:19Z
135131209,https://github.com/boldizsarBalogh/battleship,boldizsarBalogh,2018-05-28T08:19:34Z
135131238,https://github.com/LuoxinY/MoveManage,LuoxinY,2018-05-28T08:19:45Z
135131296,https://github.com/ssavrass/GeekUniversityMessenger,ssavrass,2018-05-28T08:20:08Z
135131702,https://github.com/davidakachaos/chess_client,davidakachaos,2018-05-28T08:23:37Z
135134991,https://github.com/kglobe/tw_stock,kglobe,2018-05-28T08:51:01Z
135134132,https://github.com/RajeeshKarichery/micro,RajeeshKarichery,2018-05-28T08:43:49Z
135135676,https://github.com/detkid/LDA_reuter_news,detkid,2018-05-28T08:56:17Z
135132764,https://github.com/OrignalLazyCoder/House-Escape-Game,OrignalLazyCoder,2018-05-28T08:32:46Z
135131101,https://github.com/kristianke/image-dist,kristianke,2018-05-28T08:18:38Z
135132945,https://github.com/FraserPeng/python-learning,FraserPeng,2018-05-28T08:34:22Z
135135434,https://github.com/jwilk/appfoyer,jwilk,2018-05-28T08:54:38Z
135132703,https://github.com/cp3junior/webdata,cp3junior,2018-05-28T08:32:16Z
135130534,https://github.com/gchevalley/speaking-clock,gchevalley,2018-05-28T08:14:00Z
135129891,https://github.com/CPD572/PrjHelper,CPD572,2018-05-28T08:08:15Z
135129614,https://github.com/hsuanlyh1997/nlpFinalSite,hsuanlyh1997,2018-05-28T08:06:06Z
135134665,https://github.com/henrikhakansson/tanksplits,henrikhakansson,2018-05-28T08:48:11Z
135134288,https://github.com/safyric/stock_incoterms_extended,safyric,2018-05-28T08:45:06Z
135134238,https://github.com/mrHuangWenHai/crawel,mrHuangWenHai,2018-05-28T08:44:36Z
135131414,https://github.com/xyyzzz123/bbcdb,xyyzzz123,2018-05-28T08:21:14Z
135134769,https://github.com/BenSaidRachid/Machine-Learning-training,BenSaidRachid,2018-05-28T08:49:09Z
135134077,https://github.com/OrignalLazyCoder/Open-CV-Face-Recog,OrignalLazyCoder,2018-05-28T08:43:21Z
135129535,https://github.com/adarsh9pai/HamOrSpamAPI,adarsh9pai,2018-05-28T08:05:28Z
135130568,https://github.com/cgsonglixin/yuekao,cgsonglixin,2018-05-28T08:14:20Z
135130655,https://github.com/gundaajaykumar/Logs_Analysis_project_454,gundaajaykumar,2018-05-28T08:15:01Z
135132991,https://github.com/evelynjgao/hangman-AI,evelynjgao,2018-05-28T08:34:45Z
135131167,https://github.com/KobraKid/touchscreencontroller,KobraKid,2018-05-28T08:19:16Z
135131295,https://github.com/Hex-Lee/gluon-e2e-asr,Hex-Lee,2018-05-28T08:20:07Z
135131447,https://github.com/doov-p/file-browser,doov-p,2018-05-28T08:21:32Z
135135443,https://github.com/spiolynn/djangovillage,spiolynn,2018-05-28T08:54:40Z
135131045,https://github.com/LuoxinY/ScreenSaver,LuoxinY,2018-05-28T08:18:13Z
135131622,https://github.com/davidakachaos/chess_server,davidakachaos,2018-05-28T08:23:02Z
135131777,https://github.com/nuekodory/AiMy,nuekodory,2018-05-28T08:24:17Z
135134585,https://github.com/weiwei666666/excel2oracle,weiwei666666,2018-05-28T08:47:31Z
135131691,https://github.com/kunnan/KN_find_methods_unreferenced,kunnan,2018-05-28T08:23:33Z
135130558,https://github.com/hmallen/nicemessages,hmallen,2018-05-28T08:14:12Z
135135124,https://github.com/timsag3/recps,timsag3,2018-05-28T08:52:06Z
135132366,https://github.com/MagicienDeCode/SearchEngine,MagicienDeCode,2018-05-28T08:29:15Z
135129315,https://github.com/sahgk1989/Python,sahgk1989,2018-05-28T08:03:30Z
135129043,https://github.com/eainen/kuaishou_competition,eainen,2018-05-28T08:00:43Z
135131317,https://github.com/henniekim/c3d-finetune,henniekim,2018-05-28T08:20:18Z
135132222,https://github.com/GilbertoCC/Gilberto,GilbertoCC,2018-05-28T08:27:58Z
135135344,https://github.com/BlueCoffee-SG/python_asyncio,BlueCoffee-SG,2018-05-28T08:54:05Z
135131073,https://github.com/CondreaFlorin/Scene-Classifier,CondreaFlorin,2018-05-28T08:18:28Z
135131093,https://github.com/gaoyang97/bp-pure-numpy,gaoyang97,2018-05-28T08:18:35Z
135129245,https://github.com/rubble7/AI,rubble7,2018-05-28T08:02:57Z
135129309,https://github.com/dh9/pidisplay,dh9,2018-05-28T08:03:28Z
135135790,https://github.com/WallaceMao/auto_disk_cleaner,WallaceMao,2018-05-28T08:57:17Z
135135937,https://github.com/kshitij1210/Election-Prediction,kshitij1210,2018-05-28T08:58:30Z
135129491,https://github.com/Yusheng-Xu/TUM_PST_Face-Recognition,Yusheng-Xu,2018-05-28T08:05:04Z
135135026,https://github.com/Sekanor/Spaceships,Sekanor,2018-05-28T08:51:17Z
135135752,https://github.com/ShubhamRajvanshi10/BT_Compare,ShubhamRajvanshi10,2018-05-28T08:56:53Z
135133880,https://github.com/lidingnet/myaddons,lidingnet,2018-05-28T08:41:45Z
135135460,https://github.com/Akash187/catalog2,Akash187,2018-05-28T08:54:47Z
135134065,https://github.com/lequynhhoa/crstools,lequynhhoa,2018-05-28T08:43:13Z
135130706,https://github.com/AksAman/Google-dinogame-bot,AksAman,2018-05-28T08:15:21Z
135133133,https://github.com/faisalmaqsood786/Django-starter,faisalmaqsood786,2018-05-28T08:35:47Z
135131708,https://github.com/JungleTryne/MyLittleIntegrator,JungleTryne,2018-05-28T08:23:40Z
135134214,https://github.com/dupeng1234/aaaa,dupeng1234,2018-05-28T08:44:29Z
135135640,https://github.com/Katherine-bq/seaborn-data-master,Katherine-bq,2018-05-28T08:55:57Z
135132649,https://github.com/zhuqiuyan1/firstblood,zhuqiuyan1,2018-05-28T08:31:45Z
135132926,https://github.com/xjiayuan/BDTB,xjiayuan,2018-05-28T08:34:14Z
135131064,https://github.com/kkurowska/master-thesis,kkurowska,2018-05-28T08:18:23Z
135129847,https://github.com/mattx7/HAW-deep-reinforcement-learning,mattx7,2018-05-28T08:07:54Z
135135454,https://github.com/Henri-Zhang/wechat-robot,Henri-Zhang,2018-05-28T08:54:44Z
135135530,https://github.com/tavvar/raspiapc,tavvar,2018-05-28T08:55:15Z
135134180,https://github.com/nixworks/Medical-Paradise,nixworks,2018-05-28T08:44:16Z
135129434,https://github.com/ryanaleksander/mAP,ryanaleksander,2018-05-28T08:04:34Z
135135646,https://github.com/jashusai/log,jashusai,2018-05-28T08:55:59Z
135132447,https://github.com/X-21/log4js-log-formatter,X-21,2018-05-28T08:29:56Z
135131564,https://github.com/Yanchaorong/xjzx,Yanchaorong,2018-05-28T08:22:30Z
135131747,https://github.com/biitt06/BiittOps,biitt06,2018-05-28T08:24:01Z
135133888,https://github.com/a2525995/Selenium,a2525995,2018-05-28T08:41:47Z
135133954,https://github.com/lalym/learn2,lalym,2018-05-28T08:42:19Z
135134016,https://github.com/DenisAN-UVT/is_proj,DenisAN-UVT,2018-05-28T08:42:51Z
135128989,https://github.com/krishnakundan1980/computervision_examples,krishnakundan1980,2018-05-28T08:00:17Z
135135952,https://github.com/LeeSeoHo/Object_detection,LeeSeoHo,2018-05-28T08:58:40Z
135135021,https://github.com/Tetsuya3850/OO-Python,Tetsuya3850,2018-05-28T08:51:13Z
135129743,https://github.com/aakashsplinter/MachineLearningTensorflow,aakashsplinter,2018-05-28T08:07:10Z
135131474,https://github.com/bmbuwir/RL-for-MCES,bmbuwir,2018-05-28T08:21:46Z
135133992,https://github.com/liliburg711/Interview_GilaCloud,liliburg711,2018-05-28T08:42:42Z
135133850,https://github.com/osw4l/backend-touch-home,osw4l,2018-05-28T08:41:25Z
135134966,https://github.com/fortheowl/my-MachineLearning,fortheowl,2018-05-28T08:50:47Z
135129477,https://github.com/xjiayuan/douban250,xjiayuan,2018-05-28T08:04:58Z
135130590,https://github.com/nitinitleen1/Kubernetes-Code-Samples,nitinitleen1,2018-05-28T08:14:28Z
135131023,https://github.com/cuptea/identidock,cuptea,2018-05-28T08:18:01Z
135135063,https://github.com/adarshjv20/Tic-Tac-Toe,adarshjv20,2018-05-28T08:51:46Z
135133821,https://github.com/2sun2moon/flasky,2sun2moon,2018-05-28T08:41:14Z
135133220,https://github.com/VincentSidot/Outils_cryptanalyse,VincentSidot,2018-05-28T08:36:26Z
135131097,https://github.com/mozhemeng/Flasky,mozhemeng,2018-05-28T08:18:36Z
135129683,https://github.com/sigvaldm/metaplot,sigvaldm,2018-05-28T08:06:39Z
135132873,https://github.com/LeYangNwpu/DAVIS_challenge_2018,LeYangNwpu,2018-05-28T08:33:45Z
135132883,https://github.com/JsuisUnLama/BE-2018---PHILIBERT-Thomas,JsuisUnLama,2018-05-28T08:33:47Z
135131883,https://github.com/diegocasmo/iis-pipeline,diegocasmo,2018-05-28T08:25:07Z
135132500,https://github.com/kfirbreger/things-cli,kfirbreger,2018-05-28T08:30:21Z
135133712,https://github.com/SameerBasha17794/sosio_task,SameerBasha17794,2018-05-28T08:40:14Z
135131025,https://github.com/robibok/whales,robibok,2018-05-28T08:18:02Z
135132359,https://github.com/oegegr/task_runner,oegegr,2018-05-28T08:29:10Z
135130276,https://github.com/aldrinjao/lumicon,aldrinjao,2018-05-28T08:11:44Z