228168579,https://github.com/momodae/SuperTextView,momodae,2019-12-15T10:49:39Z
228166679,https://github.com/alexr007/java-springboot-heroku,alexr007,2019-12-15T10:33:23Z
228167418,https://github.com/udexon/EMYL,udexon,2019-12-15T10:39:22Z
228166768,https://github.com/O-Seonsik/GitChat,O-Seonsik,2019-12-15T10:33:59Z
228168653,https://github.com/GSriyarsha/Turing-maxArea,GSriyarsha,2019-12-15T10:50:15Z
228168420,https://github.com/suleymanbyzt/AndroidStudio-HesapMakinesi,suleymanbyzt,2019-12-15T10:48:12Z
228167890,https://github.com/Java-A-2019/Lab12,Java-A-2019,2019-12-15T10:43:39Z
228165744,https://github.com/ttgantitg/SpitfireGame,ttgantitg,2019-12-15T10:25:20Z
228167995,https://github.com/febriwinando/login_android_UserRetrofit2,febriwinando,2019-12-15T10:44:32Z
228166844,https://github.com/liav25/Ping-Pong-App,liav25,2019-12-15T10:34:41Z
228169636,https://github.com/rpl376984516/FAQManagement,rpl376984516,2019-12-15T10:58:49Z
228163784,https://github.com/atata174/TestExampleDino,atata174,2019-12-15T10:07:31Z
228163809,https://github.com/aakashvats2910/FirstDependency-Android,aakashvats2910,2019-12-15T10:07:48Z
228166725,https://github.com/gargani/TAU_Selenium-Java,gargani,2019-12-15T10:33:41Z
228164009,https://github.com/meatbuns82/myRepository,meatbuns82,2019-12-15T10:09:30Z
228167348,https://github.com/skdevaa/A2019-JavaFX,skdevaa,2019-12-15T10:38:37Z
228167323,https://github.com/1n7/hyperskillAcademy,1n7,2019-12-15T10:38:25Z
228166587,https://github.com/liav25/Host-Application,liav25,2019-12-15T10:32:36Z
228165453,https://github.com/Raywilliams01/BakingApp,Raywilliams01,2019-12-15T10:22:51Z
228163128,https://github.com/1714080902306/XiaoAn,1714080902306,2019-12-15T10:01:49Z
228165620,https://github.com/gjtgit/stock-sector,gjtgit,2019-12-15T10:24:25Z
228165091,https://github.com/LeZalman/CalculatriceJava,LeZalman,2019-12-15T10:19:39Z
228169700,https://github.com/lima8002/EZBud,lima8002,2019-12-15T10:59:20Z
228166720,https://github.com/jangjunhwanJJ/TestProjectWeb,jangjunhwanJJ,2019-12-15T10:33:40Z
228166699,https://github.com/nagendrakamisetti/patientsRest,nagendrakamisetti,2019-12-15T10:33:31Z
228164641,https://github.com/ValeriaDaukshis/WT_lab4_LibraryWebSite,ValeriaDaukshis,2019-12-15T10:15:32Z
228166303,https://github.com/Oweiwi/android-background-sevices,Oweiwi,2019-12-15T10:30:06Z
228166609,https://github.com/kimjungmin-developer/mini-game-heaven-tmp,kimjungmin-developer,2019-12-15T10:32:50Z
228167501,https://github.com/devops1984/sample1,devops1984,2019-12-15T10:40:07Z
228168714,https://github.com/bieleckamarta/DESKrypto,bieleckamarta,2019-12-15T10:50:47Z
228169041,https://github.com/xiaofeixx/ssm,xiaofeixx,2019-12-15T10:53:41Z
228163878,https://github.com/londonappbrewery/destini-android-mghafary1,londonappbrewery,2019-12-15T10:08:12Z
228164202,https://github.com/gorshik/Servlets,gorshik,2019-12-15T10:11:30Z
228164077,https://github.com/SulthanRafif/BotaniDailyDemo,SulthanRafif,2019-12-15T10:10:12Z
228165756,https://github.com/guswns1659/Java-Playground,guswns1659,2019-12-15T10:25:27Z
228167125,https://github.com/cruiz85/fy-project,cruiz85,2019-12-15T10:37:00Z
228168286,https://github.com/KingzzangSJ/asanaOauthTest,KingzzangSJ,2019-12-15T10:46:59Z
228166591,https://github.com/honar7/party,honar7,2019-12-15T10:32:38Z
228164026,https://github.com/yulang2018/blogger,yulang2018,2019-12-15T10:09:39Z
228167868,https://github.com/yoonware/1KU,yoonware,2019-12-15T10:43:27Z
228166158,https://github.com/enautirakasle/biblioteka_mvc_konsola,enautirakasle,2019-12-15T10:29:01Z
228164727,https://github.com/IIS-ZPI/ZPI2019_zaoczni_Turbo_Bigos,IIS-ZPI,2019-12-15T10:16:20Z
228163533,https://github.com/IIS-ZPI/ZPI2019_zaoczni_Delta_Force,IIS-ZPI,2019-12-15T10:05:14Z
228164337,https://github.com/PiskaryovNikita/zuul-proxy,PiskaryovNikita,2019-12-15T10:12:48Z
228167251,https://github.com/Hacanna42/BoardProject,Hacanna42,2019-12-15T10:37:44Z
228164281,https://github.com/KKevin07/MusicPlayer,KKevin07,2019-12-15T10:12:18Z
228166470,https://github.com/husamalmodalal/recycler,husamalmodalal,2019-12-15T10:31:43Z
228165668,https://github.com/husamalmodalal/register,husamalmodalal,2019-12-15T10:24:47Z
228167962,https://github.com/ARashad96/showandhidegame,ARashad96,2019-12-15T10:44:16Z
228162930,https://github.com/whj3/a_s_r,whj3,2019-12-15T10:00:00Z
228163367,https://github.com/kostyaFrom/UsingGitAndroidStudio,kostyaFrom,2019-12-15T10:03:50Z
228164706,https://github.com/BLendYuan/Cloud_forecast_test1,BLendYuan,2019-12-15T10:16:07Z
228164588,https://github.com/Vignesh2812/activemq,Vignesh2812,2019-12-15T10:15:09Z
228166607,https://github.com/aniiii1/Chatroom,aniiii1,2019-12-15T10:32:49Z
228168330,https://github.com/Itachi015/data-structure,Itachi015,2019-12-15T10:47:20Z
228163646,https://github.com/Reramip/OSAlgorithms,Reramip,2019-12-15T10:06:06Z
228169416,https://github.com/WindDemulTeam/CHATLAB,WindDemulTeam,2019-12-15T10:56:55Z
228164528,https://github.com/pktlq2014/21AndroidTabHost,pktlq2014,2019-12-15T10:14:35Z
228167897,https://github.com/tanushreev/TestGitInAndroid,tanushreev,2019-12-15T10:43:42Z
228167511,https://github.com/JornoToro/Programmieren-3-Praktikum-3,JornoToro,2019-12-15T10:40:10Z
228163232,https://github.com/DERDRAGON/guava-code-pratise,DERDRAGON,2019-12-15T10:02:38Z
228167862,https://github.com/DarkOneiroi/ProjectEuler,DarkOneiroi,2019-12-15T10:43:25Z
228164916,https://github.com/1714080902306/RuanjianShuyn,1714080902306,2019-12-15T10:18:02Z
228165400,https://github.com/gjtgit/stock-exchange,gjtgit,2019-12-15T10:22:18Z
228166081,https://github.com/Zed-chi/java-hangman,Zed-chi,2019-12-15T10:28:18Z
228169014,https://github.com/MatthijsSoetaert/ProjectDistributedSystems,MatthijsSoetaert,2019-12-15T10:53:25Z
228165475,https://github.com/Harun-or-rashid/SharedPreference_in_Android_Studio,Harun-or-rashid,2019-12-15T10:23:03Z
228166255,https://github.com/rotemit/ass2,rotemit,2019-12-15T10:29:49Z
228164297,https://github.com/MaxSavTeam/Documenter,MaxSavTeam,2019-12-15T10:12:26Z
228164094,https://github.com/lantseves/WebSpringApp,lantseves,2019-12-15T10:10:21Z
228166456,https://github.com/sameervogeti/library-api,sameervogeti,2019-12-15T10:31:33Z
228163048,https://github.com/56952809/share-more-money1,56952809,2019-12-15T10:01:04Z
228168137,https://github.com/Romanow/micro-services,Romanow,2019-12-15T10:45:41Z
228168439,https://github.com/ariefazhari/UASPBTeori,ariefazhari,2019-12-15T10:48:22Z
228167169,https://github.com/adenkovich/labs_metodichka_2,adenkovich,2019-12-15T10:37:13Z
228168910,https://github.com/Nandhini31Rajesh/junit,Nandhini31Rajesh,2019-12-15T10:52:32Z
228168112,https://github.com/daryaana/StereoImageBuilder,daryaana,2019-12-15T10:45:26Z
228168496,https://github.com/xinyuow/frame,xinyuow,2019-12-15T10:48:48Z
228164604,https://github.com/paraboll/Internship,paraboll,2019-12-15T10:15:18Z
228164587,https://github.com/kltram/demo-1,kltram,2019-12-15T10:15:09Z
228164496,https://github.com/BLendYuan/MusicPlayer-master,BLendYuan,2019-12-15T10:14:18Z
228164905,https://github.com/Naidu215/CI-CD,Naidu215,2019-12-15T10:17:56Z
228167278,https://github.com/cfernv07/Practica-DPS,cfernv07,2019-12-15T10:37:57Z
228167256,https://github.com/mayagusfitasari/nengsbakery,mayagusfitasari,2019-12-15T10:37:45Z
228168229,https://github.com/devops1984/sample2,devops1984,2019-12-15T10:46:33Z
228166983,https://github.com/gerritkk/RSBot,gerritkk,2019-12-15T10:35:47Z
228168954,https://github.com/guptaashish20/Multithreading,guptaashish20,2019-12-15T10:52:53Z
228164747,https://github.com/Alex-hw/Community,Alex-hw,2019-12-15T10:16:30Z
228168761,https://github.com/DongShuo74/test1,DongShuo74,2019-12-15T10:51:11Z
228164427,https://github.com/ammanojkumar/spring-mvc-hibernate-demo,ammanojkumar,2019-12-15T10:13:43Z
228163066,https://github.com/chizhh/MyProjectVaadin,chizhh,2019-12-15T10:01:16Z
228164995,https://github.com/RadoslawOsinski/jdk14,RadoslawOsinski,2019-12-15T10:18:58Z
228165277,https://github.com/gjtgit/stock-company,gjtgit,2019-12-15T10:21:14Z
228165503,https://github.com/ngengesenior/xyz-reader,ngengesenior,2019-12-15T10:23:14Z
228167505,https://github.com/SharmaAjayDevendra/AndroidDecember,SharmaAjayDevendra,2019-12-15T10:40:08Z
228165737,https://github.com/ASKTIME/Copy_QQ_Login,ASKTIME,2019-12-15T10:25:16Z
228164560,https://github.com/qiyongbo/codeArg180,qiyongbo,2019-12-15T10:14:56Z
228163922,https://github.com/MetalLee/psn-adapter-service,MetalLee,2019-12-15T10:08:41Z
228165911,https://github.com/user12043/annAssigment,user12043,2019-12-15T10:26:46Z
228166475,https://github.com/the-youngg/asow_socket_server,the-youngg,2019-12-15T10:31:44Z
228169527,https://github.com/Ramya0924/1stProject,Ramya0924,2019-12-15T10:57:51Z
228167527,https://github.com/hari01584/XenonE,hari01584,2019-12-15T10:40:21Z
228163702,https://github.com/sivanbhfe/dumpOfCodes,sivanbhfe,2019-12-15T10:06:37Z
228167569,https://github.com/snirSha/Graphs,snirSha,2019-12-15T10:40:40Z
228165512,https://github.com/neiterman21/MA-systems,neiterman21,2019-12-15T10:23:22Z
228169526,https://github.com/idevdroidapps/DessertClicker,idevdroidapps,2019-12-15T10:57:51Z
228166480,https://github.com/pradipthapa7374/Bank-Management-System,pradipthapa7374,2019-12-15T10:31:47Z
228163129,https://github.com/tiniacoleyba/Master-Thesis,tiniacoleyba,2019-12-15T10:01:49Z
228167319,https://github.com/alexnicco98/Reti-Di-Calcolatori-Assignment,alexnicco98,2019-12-15T10:38:24Z
228167128,https://github.com/DmitriyBartoshik/Decoration,DmitriyBartoshik,2019-12-15T10:37:01Z
228165550,https://github.com/nfach98/caretaker,nfach98,2019-12-15T10:23:48Z
228164665,https://github.com/gjtgit/stock-auth,gjtgit,2019-12-15T10:15:47Z
228166196,https://github.com/shubh-sohi/practice,shubh-sohi,2019-12-15T10:29:23Z
228166164,https://github.com/krystian582/spring-with-git2,krystian582,2019-12-15T10:29:05Z
228165195,https://github.com/ghanshyam34/LocationtrackerAndroid,ghanshyam34,2019-12-15T10:20:33Z
228168240,https://github.com/Slubling/labs,Slubling,2019-12-15T10:46:36Z
228163505,https://github.com/VlcekJ/Json,VlcekJ,2019-12-15T10:05:00Z
228165990,https://github.com/gjtgit/stock-user,gjtgit,2019-12-15T10:27:28Z
228166515,https://github.com/prkrsign/Review,prkrsign,2019-12-15T10:32:06Z
228164389,https://github.com/Akshay332/Flappy-Bird-Clone,Akshay332,2019-12-15T10:13:20Z
228163468,https://github.com/milovanovsam/CN5semestr,milovanovsam,2019-12-15T10:04:42Z
228165813,https://github.com/mrLeks/untitled2,mrLeks,2019-12-15T10:26:00Z
228164854,https://github.com/Hacanna42/webproject,Hacanna42,2019-12-15T10:17:28Z
228164160,https://github.com/urbanovich/ric_kr2_document,urbanovich,2019-12-15T10:11:03Z
228164084,https://github.com/ouyangshuguang/spring-boot-samples,ouyangshuguang,2019-12-15T10:10:15Z
228163133,https://github.com/duy07t1k23cht/quan-ly-ban-hang,duy07t1k23cht,2019-12-15T10:01:51Z
228168258,https://github.com/CezaryZal/Server-Resource,CezaryZal,2019-12-15T10:46:43Z
228168305,https://github.com/RobertNITU/robotique,RobertNITU,2019-12-15T10:47:09Z
228164321,https://github.com/urbanovich/ric_kr2_document_ejb,urbanovich,2019-12-15T10:12:37Z
228164478,https://github.com/matrixbug09/myArray,matrixbug09,2019-12-15T10:14:12Z
228169493,https://github.com/ARashad96/Buttonwithrandomtoast,ARashad96,2019-12-15T10:57:36Z
228164987,https://github.com/hDn24/OrderFood,hDn24,2019-12-15T10:18:52Z
228165225,https://github.com/ooy30/test2,ooy30,2019-12-15T10:20:49Z
228167585,https://github.com/weigx100/wordnote,weigx100,2019-12-15T10:40:48Z
228166137,https://github.com/sguiochon/OCRP7,sguiochon,2019-12-15T10:28:49Z
228162988,https://github.com/HusanboyCoder/EventService,HusanboyCoder,2019-12-15T10:00:28Z
228167409,https://github.com/RemigiuszMMarciniak/AndroidCurrencyExchange,RemigiuszMMarciniak,2019-12-15T10:39:15Z
228167050,https://github.com/parnikov/monitor,parnikov,2019-12-15T10:36:21Z
228167958,https://github.com/krishbht15/login-with-firebase-using-MVVM,krishbht15,2019-12-15T10:44:13Z
228166091,https://github.com/RasitAyaz/SuperMarioPipes,RasitAyaz,2019-12-15T10:28:25Z
228166063,https://github.com/Fengshaoyuan/QSVideoPlayer,Fengshaoyuan,2019-12-15T10:28:09Z
228166229,https://github.com/Yen-Ray/ImageProcess,Yen-Ray,2019-12-15T10:29:39Z
228169730,https://github.com/RachData/JsonCsvProjet,RachData,2019-12-15T10:59:40Z
228164484,https://github.com/sonhoang23/pj3,sonhoang23,2019-12-15T10:14:16Z
228164911,https://github.com/vka0702/selenium-home-practice,vka0702,2019-12-15T10:18:01Z
228164179,https://github.com/Fpcarlosc/Ud6_Ejemplo3,Fpcarlosc,2019-12-15T10:11:17Z
228167900,https://github.com/software-development-methods-19-20/cribbage-score-calculator-michelaventurini96,software-development-methods-19-20,2019-12-15T10:43:43Z
228168332,https://github.com/HredaySagarChakraborty/FragmentTabExample,HredaySagarChakraborty,2019-12-15T10:47:22Z
228164453,https://github.com/Marliansaricantika/uaspbcantikaa,Marliansaricantika,2019-12-15T10:14:00Z
228163042,https://github.com/dorinsimion/minim,dorinsimion,2019-12-15T10:01:00Z
228163560,https://github.com/kklymets1998/Exam2,kklymets1998,2019-12-15T10:05:27Z
228165805,https://github.com/gjtgit/stock-upload,gjtgit,2019-12-15T10:25:58Z
228164256,https://github.com/Ys-Zhou/spring-boot-sandbox,Ys-Zhou,2019-12-15T10:12:06Z
228164387,https://github.com/lelelulu/Ordering-System,lelelulu,2019-12-15T10:13:19Z
228164714,https://github.com/muthenberg/gradle-jar-overwrite-test,muthenberg,2019-12-15T10:16:11Z
228167673,https://github.com/qkrrhksdlr/IoT_Cloudplatform,qkrrhksdlr,2019-12-15T10:41:43Z
228164498,https://github.com/urbanovich/ric_kr2_web,urbanovich,2019-12-15T10:14:19Z
228163235,https://github.com/STIW3064-A191/Team-2,STIW3064-A191,2019-12-15T10:02:39Z
228166388,https://github.com/hadisfr/jalas-cucumber,hadisfr,2019-12-15T10:30:53Z
228168539,https://github.com/bana852/IOT-platform-1594010,bana852,2019-12-15T10:49:19Z
228166546,https://github.com/nguyetcanh17T1/MoneyManager,nguyetcanh17T1,2019-12-15T10:32:21Z
228167467,https://github.com/npruehs/mission-runner-android,npruehs,2019-12-15T10:39:50Z
228166166,https://github.com/ksr332004/springboot-webflux-docker,ksr332004,2019-12-15T10:29:07Z
228164448,https://github.com/rohsin47/make_test,rohsin47,2019-12-15T10:13:58Z
228166157,https://github.com/Bhavani-chowdary/Recyclerview_searchList,Bhavani-chowdary,2019-12-15T10:29:01Z
228166122,https://github.com/gjtgit/stock-zuul,gjtgit,2019-12-15T10:28:41Z
228168489,https://github.com/software-development-methods-19-20/bank-ocr-teamm,software-development-methods-19-20,2019-12-15T10:48:43Z
228166757,https://github.com/vikkyaradhya/SSDSelenium,vikkyaradhya,2019-12-15T10:33:52Z
228167730,https://github.com/rajkonkret/Alcomat,rajkonkret,2019-12-15T10:42:12Z
228163226,https://github.com/kulkarpo/database-project,kulkarpo,2019-12-15T10:02:35Z