99741186,https://github.com/ctuxboy/Woocommerce-out-of-stock-variations-loop,ctuxboy,2017-08-08T22:25:27Z
99741385,https://github.com/korchasa/php-vhs,korchasa,2017-08-08T22:28:58Z
99742178,https://github.com/TeamEVS/inlinegamesbot,TeamEVS,2017-08-08T22:41:31Z
99743263,https://github.com/ScottDeLuzio/WP-In-Post-Ads-Filter,ScottDeLuzio,2017-08-08T22:59:31Z
99740116,https://github.com/Monderik/ecommerce,Monderik,2017-08-08T22:06:58Z
99741372,https://github.com/farhanrahim42/timeshift,farhanrahim42,2017-08-08T22:28:40Z
99741404,https://github.com/TrungPhuNA/training.dev,TrungPhuNA,2017-08-08T22:29:10Z
99740968,https://github.com/inolibero/Joomla-User-Profile-Association-Plugin,inolibero,2017-08-08T22:21:01Z
99741351,https://github.com/ircsasw/yii2-cfdi-mx,ircsasw,2017-08-08T22:28:19Z
99741497,https://github.com/lcbrq/magento2-LCB-ProductPrintouts,lcbrq,2017-08-08T22:30:16Z
99741265,https://github.com/ilias-sp/srt-subtitle-file-fix-PHP,ilias-sp,2017-08-08T22:26:43Z
99740205,https://github.com/tylerism/code_challenge,tylerism,2017-08-08T22:08:02Z
99740625,https://github.com/issekha/TicketPlatform,issekha,2017-08-08T22:14:47Z
99740840,https://github.com/azylxd/backend,azylxd,2017-08-08T22:18:49Z
99740876,https://github.com/olidotjpeg/predbe,olidotjpeg,2017-08-08T22:19:26Z
99741300,https://github.com/iseth/api.subely.com,iseth,2017-08-08T22:27:24Z
99742609,https://github.com/azylxd/herokin,azylxd,2017-08-08T22:48:36Z
99741376,https://github.com/vikiss/picinpic,vikiss,2017-08-08T22:28:51Z
99742796,https://github.com/preneesh93/ConferenceLaravel,preneesh93,2017-08-08T22:51:14Z
99742889,https://github.com/nachovz/dfp-ads-for-wordpress,nachovz,2017-08-08T22:52:47Z
99743273,https://github.com/speedy236/smart-phrase-scripts,speedy236,2017-08-08T22:59:41Z
99743213,https://github.com/nrsantamaria/php-practice,nrsantamaria,2017-08-08T22:58:24Z
99740269,https://github.com/jsoncaro/todoapi,jsoncaro,2017-08-08T22:09:07Z
99741226,https://github.com/victorlima090/hello-world,victorlima090,2017-08-08T22:25:51Z
99740367,https://github.com/rodrigoanalista88/aulagitnoite,rodrigoanalista88,2017-08-08T22:10:55Z
99740925,https://github.com/Navpreet76/NBA,Navpreet76,2017-08-08T22:20:17Z
99742767,https://github.com/RolandoContreras/ibisar2,RolandoContreras,2017-08-08T22:50:51Z
99742789,https://github.com/efdavis/autocomplete-tool,efdavis,2017-08-08T22:51:10Z
99742509,https://github.com/shadooowner/shortcutterSoftB,shadooowner,2017-08-08T22:46:51Z