25904201,https://github.com/WEBDMG/System-C,WEBDMG,2014-10-29T04:20:09Z
25904318,https://github.com/vivianycc/viviantheme,vivianycc,2014-10-29T04:25:31Z
25904555,https://github.com/glennon/redlandspath,glennon,2014-10-29T04:35:05Z
25904264,https://github.com/menuka-devinda/laravel2,menuka-devinda,2014-10-29T04:23:11Z
25904995,https://github.com/armandoaepp/zf2-demos,armandoaepp,2014-10-29T04:51:25Z
25903797,https://github.com/hoangbienit/visit_counter,hoangbienit,2014-10-29T04:05:13Z
25904345,https://github.com/olonash/cartebancaire,olonash,2014-10-29T04:26:43Z
25904913,https://github.com/zendcon2014hackathon/zendcon2014hackathon,zendcon2014hackathon,2014-10-29T04:48:27Z
25903698,https://github.com/DhanielArazo/pruebas,DhanielArazo,2014-10-29T04:01:54Z
25904280,https://github.com/bandodebits/yii2-bdb-menu,bandodebits,2014-10-29T04:23:48Z
25904176,https://github.com/Eric82/blog,Eric82,2014-10-29T04:18:57Z
25905132,https://github.com/agusneos/kartuorder,agusneos,2014-10-29T04:57:19Z