376668707,https://github.com/manish-9245/Basic-php-form-with-sql-database,manish-9245,2021-06-14T00:42:04Z
376664483,https://github.com/Scognamiglio/bot_discord_v5,Scognamiglio,2021-06-14T00:10:15Z
376669242,https://github.com/Doctor-Mavix/twitter-clone-php,Doctor-Mavix,2021-06-14T00:46:03Z
376665163,https://github.com/dheluffy/estilo_new,dheluffy,2021-06-14T00:15:23Z
376665296,https://github.com/MuhammadDhiyaul/UAS_14Juni2021,MuhammadDhiyaul,2021-06-14T00:16:24Z
376665707,https://github.com/ricsirobi/webprog2_beadando,ricsirobi,2021-06-14T00:19:50Z
376670073,https://github.com/SanjayaDev/web_porto,SanjayaDev,2021-06-14T00:53:02Z
376666531,https://github.com/dnsoftware/yajraqualify,dnsoftware,2021-06-14T00:25:49Z
376668284,https://github.com/nhokshin1803/company-management,nhokshin1803,2021-06-14T00:38:53Z
376665578,https://github.com/AlissonFredo/app-help-desk,AlissonFredo,2021-06-14T00:18:47Z
376667617,https://github.com/Enrique213-VP/Php_MySQL,Enrique213-VP,2021-06-14T00:33:54Z
376665134,https://github.com/dersonsena/boilerplate,dersonsena,2021-06-14T00:15:06Z
376668089,https://github.com/LINA-BHT/ELECTION,LINA-BHT,2021-06-14T00:37:21Z
376665777,https://github.com/HakimBhd/grapher_api,HakimBhd,2021-06-14T00:20:34Z
376667106,https://github.com/GabrielPenke292/biblioteca,GabrielPenke292,2021-06-14T00:30:10Z
376667342,https://github.com/Kali07/GsbCodes,Kali07,2021-06-14T00:31:52Z
376665969,https://github.com/BrunaBudke/phpiniciantes,BrunaBudke,2021-06-14T00:22:05Z
376666213,https://github.com/yuriespinosa/cadastro_clientes_php,yuriespinosa,2021-06-14T00:23:47Z
376664589,https://github.com/kyohhh/practice_html_scss,kyohhh,2021-06-14T00:10:58Z
376668129,https://github.com/walter-a-jablonowski/json-db,walter-a-jablonowski,2021-06-14T00:37:36Z
376670545,https://github.com/sherdog/cvsi_wp,sherdog,2021-06-14T00:56:47Z
376669181,https://github.com/madmax22869/AS8,madmax22869,2021-06-14T00:45:35Z
376664359,https://github.com/wallace2001/markwolf,wallace2001,2021-06-14T00:09:12Z
376665380,https://github.com/ddiebre/file_rouge,ddiebre,2021-06-14T00:17:00Z
376667440,https://github.com/alasacelui/School-Management-System,alasacelui,2021-06-14T00:32:43Z
376667358,https://github.com/Abz2604/exercise-media-buttons,Abz2604,2021-06-14T00:31:57Z
376670353,https://github.com/SanjayaDev/web_olpres,SanjayaDev,2021-06-14T00:55:16Z
376668261,https://github.com/jooaos/consulta_diaria_colaborador,jooaos,2021-06-14T00:38:41Z
376668636,https://github.com/stalinscj/jsonapi,stalinscj,2021-06-14T00:41:39Z
376667240,https://github.com/FedeGarabello/prog-3-cwm,FedeGarabello,2021-06-14T00:31:04Z
376664517,https://github.com/leonardosnts/sistema-pedidos,leonardosnts,2021-06-14T00:10:26Z
376665874,https://github.com/saeedet/carsales,saeedet,2021-06-14T00:21:19Z
376667170,https://github.com/ntosmini/Win,ntosmini,2021-06-14T00:30:31Z
376669027,https://github.com/JesusLugoutp/Paginamaestros,JesusLugoutp,2021-06-14T00:44:29Z
376669133,https://github.com/walter-a-jablonowski/simple-obj-log,walter-a-jablonowski,2021-06-14T00:45:09Z
376665751,https://github.com/JulioLDiniz/ldapWithLumen,JulioLDiniz,2021-06-14T00:20:14Z
376666939,https://github.com/Musta1337/FIT-ME,Musta1337,2021-06-14T00:28:51Z
376665095,https://github.com/Shahidbangash/socialMediaWebsiteAPI,Shahidbangash,2021-06-14T00:14:53Z
376667992,https://github.com/irfanmaulanaa24/SOLID-PHP-,irfanmaulanaa24,2021-06-14T00:36:36Z
376668428,https://github.com/Douglashbr/CRUD-DAO,Douglashbr,2021-06-14T00:39:57Z