41244674,https://github.com/himansurathi/Spatial-Clustering-of-GPS-Points,himansurathi,2015-08-23T10:04:22Z
41245617,https://github.com/feliperyan/wagtail_button_heroku,feliperyan,2015-08-23T10:37:15Z
41244765,https://github.com/dfirst/django-class-lvl1,dfirst,2015-08-23T10:07:42Z
41245816,https://github.com/arkershaw/sitecheck,arkershaw,2015-08-23T10:44:42Z
41245046,https://github.com/rajivsam/ICA,rajivsam,2015-08-23T10:17:17Z
41245904,https://github.com/lteasdale/bedtools_cover,lteasdale,2015-08-23T10:47:57Z
41244866,https://github.com/bonus-tm/euforia,bonus-tm,2015-08-23T10:11:32Z
41245826,https://github.com/nickmullen/autoFort,nickmullen,2015-08-23T10:45:07Z
41245493,https://github.com/samrussell/garytables,samrussell,2015-08-23T10:33:08Z
41245627,https://github.com/akshaynagpal/data_mining_tourism,akshaynagpal,2015-08-23T10:37:36Z
41245675,https://github.com/tavleen13/Titanic_kaggle,tavleen13,2015-08-23T10:39:20Z
41244701,https://github.com/objarni/pytddmon_refactored,objarni,2015-08-23T10:05:10Z
41245659,https://github.com/zed/test-performance-run-in-a-loop-vs-run-standalone,zed,2015-08-23T10:38:32Z
41244814,https://github.com/m-garanin/example-flask,m-garanin,2015-08-23T10:09:32Z
41244777,https://github.com/angeldelblanco/python,angeldelblanco,2015-08-23T10:08:11Z
41244865,https://github.com/mesoscloud/events,mesoscloud,2015-08-23T10:11:29Z
41245945,https://github.com/Scappz/AP-Rework-Comparator,Scappz,2015-08-23T10:50:51Z
41245954,https://github.com/ramk2015/hello_world,ramk2015,2015-08-23T10:51:15Z
41245626,https://github.com/suyogrk/Thinkpython,suyogrk,2015-08-23T10:37:33Z
41244912,https://github.com/mmisono/memomemo,mmisono,2015-08-23T10:13:26Z
41245096,https://github.com/tomtomlehero/Log4J2SLF4J,tomtomlehero,2015-08-23T10:19:34Z
41245753,https://github.com/r777889/eto,r777889,2015-08-23T10:42:09Z
41245921,https://github.com/mrrossikamal/myhelloworld,mrrossikamal,2015-08-23T10:48:51Z
41245707,https://github.com/raditv/implantChecker,raditv,2015-08-23T10:40:35Z
41245482,https://github.com/m0zjo-code/RAGOS,m0zjo-code,2015-08-23T10:32:40Z
41245498,https://github.com/ibrahimirdem/bildirim-ile-toplu-mail,ibrahimirdem,2015-08-23T10:33:17Z
41244636,https://github.com/vibhaas/XPack,vibhaas,2015-08-23T10:02:50Z