243301762,https://github.com/CiscoDevNet/virl2-client,CiscoDevNet,2020-02-26T15:50:56Z
243296191,https://github.com/kasparmartens/BasisVAE,kasparmartens,2020-02-26T15:26:30Z
243300377,https://github.com/zhp510730568/bert-ad,zhp510730568,2020-02-26T15:45:04Z
243296107,https://github.com/huruji/download_douyin,huruji,2020-02-26T15:26:06Z
243299790,https://github.com/CaterpillarHackIllinois/2020_Challenge_IOT_Analytics,CaterpillarHackIllinois,2020-02-26T15:42:37Z
243299107,https://github.com/LourencoVazPato/seeing-without-looking,LourencoVazPato,2020-02-26T15:39:38Z
243290844,https://github.com/asehmi/Data-Science-Meetup-Oxford,asehmi,2020-02-26T15:03:04Z
243295535,https://github.com/jexia/docs,jexia,2020-02-26T15:23:25Z
243295411,https://github.com/hypocrite182/PhoneInfoSpider,hypocrite182,2020-02-26T15:22:55Z
243299921,https://github.com/lilanxiao/VoteNet-Keras,lilanxiao,2020-02-26T15:43:12Z
243299855,https://github.com/lakinwecker/philip-davis,lakinwecker,2020-02-26T15:42:52Z
243297828,https://github.com/enricodvn/pyosrm,enricodvn,2020-02-26T15:34:08Z
243290600,https://github.com/kentu512/myfirstblog,kentu512,2020-02-26T15:02:06Z
243294086,https://github.com/snowyue/MyPCQQ-Plugin-SDK-for-Python,snowyue,2020-02-26T15:17:18Z
243296210,https://github.com/ZBcheng/moviesite,ZBcheng,2020-02-26T15:26:34Z
243302981,https://github.com/JyunD/CTF,JyunD,2020-02-26T15:56:01Z
243297357,https://github.com/ashwinvis/umatrix2ublock,ashwinvis,2020-02-26T15:31:58Z
243294172,https://github.com/sweetcocoa/ddsp-pytorch,sweetcocoa,2020-02-26T15:17:41Z
243294193,https://github.com/FernandoHonda1/EX_AWS_NotDeployed_GoodQueries_.py,FernandoHonda1,2020-02-26T15:17:47Z
243303571,https://github.com/adachille/8Ball-OSRS,adachille,2020-02-26T15:58:33Z
243295499,https://github.com/yangzc23/har2case,yangzc23,2020-02-26T15:23:16Z
243296230,https://github.com/danielmimimi/FaceRec,danielmimimi,2020-02-26T15:26:41Z
243301491,https://github.com/jiahenghuang/text-classify-tensorflow,jiahenghuang,2020-02-26T15:49:50Z
243296376,https://github.com/Mgarg-code/TODO-LIST-,Mgarg-code,2020-02-26T15:27:16Z
243301803,https://github.com/hahally/SpiderProj,hahally,2020-02-26T15:51:05Z
243301619,https://github.com/lorrx/pypicloud-auth-bitbucket-cloud,lorrx,2020-02-26T15:50:19Z
243296454,https://github.com/SuperH-0630/File_Blast,SuperH-0630,2020-02-26T15:27:36Z
243299457,https://github.com/YuriRemoto/Estudos,YuriRemoto,2020-02-26T15:41:11Z
243299713,https://github.com/WilsonGao886/hello-world,WilsonGao886,2020-02-26T15:42:14Z
243290312,https://github.com/hitranonline/pyref,hitranonline,2020-02-26T15:00:49Z
243303003,https://github.com/Aalto-ESG/fog-iot-2020-data,Aalto-ESG,2020-02-26T15:56:06Z
243293329,https://github.com/Fyzjym/Spider-BiliComUsr,Fyzjym,2020-02-26T15:14:06Z
243301462,https://github.com/PaperbagLife/TowDef,PaperbagLife,2020-02-26T15:49:42Z
243299873,https://github.com/JonnyFb421/human-readable-ids,JonnyFb421,2020-02-26T15:42:56Z
243303213,https://github.com/Sigit-Wasis/Fundamental-Python,Sigit-Wasis,2020-02-26T15:56:59Z
243291983,https://github.com/jorisschellekens/kosher-kiwi-python,jorisschellekens,2020-02-26T15:08:22Z
243297751,https://github.com/artist1327/Coders,artist1327,2020-02-26T15:33:45Z
243290254,https://github.com/amundlindstol/coffee,amundlindstol,2020-02-26T15:00:35Z
243296199,https://github.com/jiafengkevinchen/migration-graphs,jiafengkevinchen,2020-02-26T15:26:32Z
243298153,https://github.com/YoungMeatBoy/findme,YoungMeatBoy,2020-02-26T15:35:28Z
243291752,https://github.com/Gedanke/Image_content_to_markdown_code,Gedanke,2020-02-26T15:07:18Z
243296228,https://github.com/AlanMarin/Act-progra,AlanMarin,2020-02-26T15:26:40Z
243301025,https://github.com/thrau/srds,thrau,2020-02-26T15:48:00Z
243299958,https://github.com/SeismicSource/sourcespec,SeismicSource,2020-02-26T15:43:22Z
243298278,https://github.com/xiaowenwen1995/AnimeSpider,xiaowenwen1995,2020-02-26T15:35:59Z
243291854,https://github.com/ianwolf99/py3-scripts,ianwolf99,2020-02-26T15:07:44Z
243302208,https://github.com/bbzr/python_utils,bbzr,2020-02-26T15:52:45Z
243295616,https://github.com/MartinCastillo/Sensor-Integral,MartinCastillo,2020-02-26T15:23:51Z
243290225,https://github.com/P-Deasy/Uni-projects,P-Deasy,2020-02-26T15:00:28Z
243301154,https://github.com/Mnunley1/django-practice,Mnunley1,2020-02-26T15:48:29Z
243293336,https://github.com/marzique/ArsenalGame,marzique,2020-02-26T15:14:07Z
243295111,https://github.com/yadavg123/Python-GUI-App,yadavg123,2020-02-26T15:21:37Z
243296153,https://github.com/NeethiSadasivan/4,NeethiSadasivan,2020-02-26T15:26:19Z
243303317,https://github.com/tooget/Azure-Tutorials,tooget,2020-02-26T15:57:26Z
243300549,https://github.com/HayBale/Pokemon-Sword-Shield-Mask-Ambient-tool-Python-Version,HayBale,2020-02-26T15:45:53Z
243303309,https://github.com/sergiosiniy/metrics,sergiosiniy,2020-02-26T15:57:23Z
243297035,https://github.com/Duckmaster/BoxSlopeSimulator,Duckmaster,2020-02-26T15:30:21Z
243303827,https://github.com/TheoRum/test,TheoRum,2020-02-26T15:59:42Z
243292993,https://github.com/Ricky75009/restaurant,Ricky75009,2020-02-26T15:12:30Z
243296192,https://github.com/christinatan1/03-transform,christinatan1,2020-02-26T15:26:31Z
243293354,https://github.com/prodand/assault,prodand,2020-02-26T15:14:11Z
243296752,https://github.com/hifiberry/usagecollector,hifiberry,2020-02-26T15:29:11Z
243302987,https://github.com/Yuzux/fucheng,Yuzux,2020-02-26T15:56:01Z
243300768,https://github.com/deeppatne/Resume-Evaluator,deeppatne,2020-02-26T15:46:51Z
243294272,https://github.com/Datez-Kun/darktools,Datez-Kun,2020-02-26T15:18:05Z
243300415,https://github.com/NareshAtnPLUS/vision-models,NareshAtnPLUS,2020-02-26T15:45:15Z
243290206,https://github.com/azhdrake/weather_api,azhdrake,2020-02-26T15:00:25Z
243293983,https://github.com/ineria/various-plots,ineria,2020-02-26T15:16:49Z
243302332,https://github.com/18510025993/project_month01,18510025993,2020-02-26T15:53:20Z
243292292,https://github.com/Sellmann25/Account-Manager,Sellmann25,2020-02-26T15:09:38Z
243299699,https://github.com/MikuChanUwU/Royston2,MikuChanUwU,2020-02-26T15:42:12Z
243299509,https://github.com/FraggyVz/Python_Project,FraggyVz,2020-02-26T15:41:24Z
243295033,https://github.com/cguan00/transform,cguan00,2020-02-26T15:21:19Z
243293047,https://github.com/Datez-Kun/autolike,Datez-Kun,2020-02-26T15:12:47Z
243302603,https://github.com/timpandrews/pepper_v3,timpandrews,2020-02-26T15:54:27Z
243299248,https://github.com/sukantoghsh/DataStructureAndAlgo-In-Python,sukantoghsh,2020-02-26T15:40:16Z
243302375,https://github.com/W2Ning/trash_bag,W2Ning,2020-02-26T15:53:31Z
243290469,https://github.com/Liu-Xue-Song/VScode,Liu-Xue-Song,2020-02-26T15:01:33Z
243295420,https://github.com/vsapronova/Finance-Flask,vsapronova,2020-02-26T15:22:56Z
243300701,https://github.com/FreeClimbAPI/python-sdk,FreeClimbAPI,2020-02-26T15:46:33Z
243302813,https://github.com/nsouff/algorithms-visualization,nsouff,2020-02-26T15:55:19Z
243295152,https://github.com/Apocalypsor/Daily-Checkin,Apocalypsor,2020-02-26T15:21:46Z
243303417,https://github.com/MehdiPaak/ANN-function-approximator,MehdiPaak,2020-02-26T15:57:52Z
243297710,https://github.com/xuzx2020/Python_practice,xuzx2020,2020-02-26T15:33:34Z
243295145,https://github.com/mateoscarafia/django-app,mateoscarafia,2020-02-26T15:21:45Z
243291917,https://github.com/prachimahab/productive-pitches,prachimahab,2020-02-26T15:08:02Z
243290348,https://github.com/MoMeakDemon/dni-para,MoMeakDemon,2020-02-26T15:00:58Z
243294371,https://github.com/ronnyiscoding/Using-Python-for-Automation,ronnyiscoding,2020-02-26T15:18:33Z
243294215,https://github.com/luxingwen/sscolors,luxingwen,2020-02-26T15:17:53Z
243297876,https://github.com/elirud/perceptron_implementation,elirud,2020-02-26T15:34:18Z
243291859,https://github.com/ashuking20/Simple-Song-Recommendation,ashuking20,2020-02-26T15:07:44Z
243293749,https://github.com/CalfinChoo/transform,CalfinChoo,2020-02-26T15:15:58Z
243296841,https://github.com/VitaminOh/MKS66-Transformations,VitaminOh,2020-02-26T15:29:33Z
243297286,https://github.com/thedeveloperr/parking_lot_problem,thedeveloperr,2020-02-26T15:31:39Z
243294397,https://github.com/mkisantal/AirTrafficSim,mkisantal,2020-02-26T15:18:41Z
243301617,https://github.com/Lgon27/datr,Lgon27,2020-02-26T15:50:18Z
243291601,https://github.com/bonellia/btac,bonellia,2020-02-26T15:06:34Z
243295472,https://github.com/jacksonzou123/transforms-graphics3,jacksonzou123,2020-02-26T15:23:06Z
243293035,https://github.com/ezhkovskii/cauchy-problem,ezhkovskii,2020-02-26T15:12:44Z
243294921,https://github.com/rdejana/jetson-inference,rdejana,2020-02-26T15:20:52Z
243298956,https://github.com/sankethsalimath/handwritten-digit-recognition-for-assistive-robots,sankethsalimath,2020-02-26T15:38:57Z
243299501,https://github.com/CindyHernandezMelo/HernandezCindy_Ejercicio11,CindyHernandezMelo,2020-02-26T15:41:22Z
243295879,https://github.com/bernardw11/transformgraphics,bernardw11,2020-02-26T15:25:01Z
243291006,https://github.com/FtZzy/data_mining,FtZzy,2020-02-26T15:03:56Z
243299503,https://github.com/laurenleesc/Empirical_Time_Complexity_Estimation,laurenleesc,2020-02-26T15:41:23Z
243297305,https://github.com/mauryrodriguez/SUPLE_BDD_MULTIDIMENSIONAL,mauryrodriguez,2020-02-26T15:31:45Z
243299797,https://github.com/Juanchobanano/TelegraphApp,Juanchobanano,2020-02-26T15:42:39Z
243297087,https://github.com/chuang-tw/reviews-analytics,chuang-tw,2020-02-26T15:30:39Z
243295995,https://github.com/andrefpoliveira/Sudoku-Solver,andrefpoliveira,2020-02-26T15:25:35Z
243293092,https://github.com/kazijamal/mks66-transform,kazijamal,2020-02-26T15:12:58Z
243290413,https://github.com/CrRaul/richardFeynmanLostLectureExpVis,CrRaul,2020-02-26T15:01:18Z
243295618,https://github.com/Laure-C/Jeu_Alamud,Laure-C,2020-02-26T15:23:52Z
243301540,https://github.com/crazykellard/python-random-quote,crazykellard,2020-02-26T15:50:00Z
243293291,https://github.com/davidagoua/dagblog,davidagoua,2020-02-26T15:13:58Z
243291253,https://github.com/Neha060/launchpad-assignment,Neha060,2020-02-26T15:04:57Z
243293204,https://github.com/hen-den/Pylias,hen-den,2020-02-26T15:13:35Z
243301503,https://github.com/eugenekryukov/skillfactory_rds,eugenekryukov,2020-02-26T15:49:52Z
243299918,https://github.com/cjb230/project_euler_public,cjb230,2020-02-26T15:43:11Z
243292782,https://github.com/armandoordonez/5G_slicing_ap_rl,armandoordonez,2020-02-26T15:11:42Z
243299568,https://github.com/1298330319/python-,1298330319,2020-02-26T15:41:40Z
243294322,https://github.com/sergiishevchenko/pdf-converter,sergiishevchenko,2020-02-26T15:18:23Z
243298324,https://github.com/XOB-CN/LogTools,XOB-CN,2020-02-26T15:36:09Z
243291235,https://github.com/ValentinaAsk/2020-1-Atom-QA-Python-V-Askretkova,ValentinaAsk,2020-02-26T15:04:52Z
243301418,https://github.com/cah-cesar-medrano/aug-data-processor,cah-cesar-medrano,2020-02-26T15:49:32Z
243296466,https://github.com/ReturnoftheMak/aon_edge_louise_test,ReturnoftheMak,2020-02-26T15:27:41Z
243293915,https://github.com/kunnako01/databook,kunnako01,2020-02-26T15:16:33Z
243303605,https://github.com/hasanprep/pillow-quiz-VAcruz7164,hasanprep,2020-02-26T15:58:44Z
243295529,https://github.com/jhoonnyy1812/TensorFlowStudy,jhoonnyy1812,2020-02-26T15:23:23Z
243295954,https://github.com/nathos7/analyseTweets,nathos7,2020-02-26T15:25:20Z
243296285,https://github.com/JHallberg5100/BudgetTool,JHallberg5100,2020-02-26T15:26:55Z
243303864,https://github.com/tanmayjoshi28/A-VERY-SMALL-ARCRADE-GAME,tanmayjoshi28,2020-02-26T15:59:53Z
243297139,https://github.com/zyf0220/pattern_recognize,zyf0220,2020-02-26T15:30:55Z
243297658,https://github.com/PSkot/lets_make_music,PSkot,2020-02-26T15:33:21Z
243299087,https://github.com/Dey-Sumit/BLOG_django,Dey-Sumit,2020-02-26T15:39:32Z
243302059,https://github.com/coffee-qm/demo4python,coffee-qm,2020-02-26T15:52:04Z
243302097,https://github.com/NishioMisaki/intercom,NishioMisaki,2020-02-26T15:52:13Z
243292577,https://github.com/Researchnix/micropython-button,Researchnix,2020-02-26T15:10:56Z
243299124,https://github.com/EmreTuran99/exchangeratez,EmreTuran99,2020-02-26T15:39:43Z
243295543,https://github.com/stephen-burke/test-blog,stephen-burke,2020-02-26T15:23:29Z
243295035,https://github.com/Mabedin00/transform,Mabedin00,2020-02-26T15:21:19Z
243299736,https://github.com/jkdehart/Cluster_Build,jkdehart,2020-02-26T15:42:21Z
243302038,https://github.com/Kiloazodik/2201740571,Kiloazodik,2020-02-26T15:51:58Z
243302505,https://github.com/HBPNeurorobotics/UnsupervisedSensorimotorLearning,HBPNeurorobotics,2020-02-26T15:54:06Z
243294084,https://github.com/Datez-Kun/DARKspam,Datez-Kun,2020-02-26T15:17:17Z
243294041,https://github.com/FullMentalPanic/AutoSearch,FullMentalPanic,2020-02-26T15:17:05Z
243297889,https://github.com/erhrishi19/pythonprograms,erhrishi19,2020-02-26T15:34:22Z
243292970,https://github.com/NowataHighSchool/PrisonersDilemma,NowataHighSchool,2020-02-26T15:12:25Z
243296369,https://github.com/NeethiSadasivan/6,NeethiSadasivan,2020-02-26T15:27:15Z
243303021,https://github.com/yadavg123/A-Python-App-That-Tracks-Amazon-Prices,yadavg123,2020-02-26T15:56:10Z
243303625,https://github.com/mutuajoseph/Tax,mutuajoseph,2020-02-26T15:58:50Z
243295804,https://github.com/deepesh21/logistic-regression,deepesh21,2020-02-26T15:24:38Z
243295947,https://github.com/LiiaDulher/Notebook,LiiaDulher,2020-02-26T15:25:20Z
243297368,https://github.com/alexunipi01/python-askiseis,alexunipi01,2020-02-26T15:32:04Z
243293045,https://github.com/vivianhuynh91827/03transformations,vivianhuynh91827,2020-02-26T15:12:46Z
243294360,https://github.com/YufengJin/control-_system_tool,YufengJin,2020-02-26T15:18:31Z
243292341,https://github.com/0SilentFox0/Todo,0SilentFox0,2020-02-26T15:09:49Z
243297254,https://github.com/jenarchiee/book_rec_sys,jenarchiee,2020-02-26T15:31:32Z
243292791,https://github.com/inmerso/vscode-unittest-py,inmerso,2020-02-26T15:11:44Z
243301385,https://github.com/rahulmars007/wordcount,rahulmars007,2020-02-26T15:49:22Z
243298236,https://github.com/craigsands/actions-test,craigsands,2020-02-26T15:35:48Z
243295652,https://github.com/Hoixi/Yummy-Register,Hoixi,2020-02-26T15:24:01Z
243303110,https://github.com/EmoryWalsh/transform04,EmoryWalsh,2020-02-26T15:56:34Z
243300935,https://github.com/Mik-el/Data-Mining-Examples-in-Python,Mik-el,2020-02-26T15:47:35Z
243295298,https://github.com/varsha0201/E_Practice,varsha0201,2020-02-26T15:22:23Z
243294818,https://github.com/Iwomichu/hello-python,Iwomichu,2020-02-26T15:20:24Z
243296867,https://github.com/fernandohcruz/Python,fernandohcruz,2020-02-26T15:29:42Z
243300360,https://github.com/yaro-CS/Project-PAD,yaro-CS,2020-02-26T15:45:01Z
243293212,https://github.com/stellaoliveirabertt/crud-cadastro-veiculos,stellaoliveirabertt,2020-02-26T15:13:37Z
243300064,https://github.com/Brima19/FirstProject,Brima19,2020-02-26T15:43:49Z
243303859,https://github.com/PhucNghia/db,PhucNghia,2020-02-26T15:59:52Z
243300113,https://github.com/khabdrick/photoapp,khabdrick,2020-02-26T15:43:57Z
243298321,https://github.com/KeithMcConchie/Crossword,KeithMcConchie,2020-02-26T15:36:08Z
243293412,https://github.com/kntmicheal/mywebisiteprofile,kntmicheal,2020-02-26T15:14:27Z
243290388,https://github.com/ahanjaya/Calibrate_Camera,ahanjaya,2020-02-26T15:01:11Z
243301341,https://github.com/ylvaselling/TrackingLabs,ylvaselling,2020-02-26T15:49:11Z
243291834,https://github.com/KingDerek1/transformCode,KingDerek1,2020-02-26T15:07:40Z
243290958,https://github.com/Yagami360/openpose_wrapper,Yagami360,2020-02-26T15:03:43Z
243292019,https://github.com/amirdawd/Machine_learning,amirdawd,2020-02-26T15:08:32Z
243291091,https://github.com/pankajgoyal68/nets,pankajgoyal68,2020-02-26T15:04:17Z
243297438,https://github.com/jiangzhuochi/heap_grain,jiangzhuochi,2020-02-26T15:32:25Z
243297197,https://github.com/lykata/python-swapi-sdk,lykata,2020-02-26T15:31:11Z
243302384,https://github.com/OscarJHernandez/test_py,OscarJHernandez,2020-02-26T15:53:34Z
243294728,https://github.com/ramesh-kumarjha/kube,ramesh-kumarjha,2020-02-26T15:19:59Z
243294197,https://github.com/Datez-Kun/afbc,Datez-Kun,2020-02-26T15:17:48Z
243293942,https://github.com/lich99/Quant-Code,lich99,2020-02-26T15:16:39Z
243291474,https://github.com/belopakhovart/HTTPproject,belopakhovart,2020-02-26T15:05:56Z
243300323,https://github.com/amartyads/ship-detection,amartyads,2020-02-26T15:44:52Z
243300420,https://github.com/Geetansh07/Titanic-Kaggle-Solution,Geetansh07,2020-02-26T15:45:16Z
243296722,https://github.com/ismailasega/calculates-thepython-script-to-number-of-words-in-the-webpage,ismailasega,2020-02-26T15:29:04Z
243296078,https://github.com/willsanders2110/tennis_ball_tracker,willsanders2110,2020-02-26T15:25:57Z
243303290,https://github.com/Kiloazodik/Week1,Kiloazodik,2020-02-26T15:57:19Z
243291374,https://github.com/shin-ga-eun/taneeworld,shin-ga-eun,2020-02-26T15:05:30Z
243294370,https://github.com/TheAstartes/leNet_model_signs_prediction,TheAstartes,2020-02-26T15:18:33Z
243298861,https://github.com/jfrjunio/DermaDL,jfrjunio,2020-02-26T15:38:33Z
243302810,https://github.com/Mahmud-007/TodoList,Mahmud-007,2020-02-26T15:55:18Z
243303640,https://github.com/hasanprep/pillow-quiz-Sarah2916,hasanprep,2020-02-26T15:58:55Z
243302291,https://github.com/nvias/ai_ledinice,nvias,2020-02-26T15:53:08Z
243291977,https://github.com/Noobi7uke/Fractal,Noobi7uke,2020-02-26T15:08:20Z
243301886,https://github.com/Allhabiy/project2,Allhabiy,2020-02-26T15:51:23Z
243303832,https://github.com/hasanprep/pillow-quiz-jaeda-maryss,hasanprep,2020-02-26T15:59:44Z
243297480,https://github.com/LPascholatti/SignRequest-API-PythonClient-Lite,LPascholatti,2020-02-26T15:32:36Z
243291559,https://github.com/CrRaul/spaceTravelAI,CrRaul,2020-02-26T15:06:22Z
243296187,https://github.com/tmpbci/Maxwellator,tmpbci,2020-02-26T15:26:29Z
243294448,https://github.com/Ghidon/Python-mini-project,Ghidon,2020-02-26T15:18:50Z
243301844,https://github.com/Dytex/Projet-Python,Dytex,2020-02-26T15:51:15Z
243297054,https://github.com/Ashley-Pritchard/alpaca,Ashley-Pritchard,2020-02-26T15:30:28Z
243295872,https://github.com/IanHF/friedHanTransform,IanHF,2020-02-26T15:24:59Z
243291837,https://github.com/andrewBatutin/robo_sort,andrewBatutin,2020-02-26T15:07:41Z
243302566,https://github.com/M1RKOVSKY/my-first-blog,M1RKOVSKY,2020-02-26T15:54:20Z
243299954,https://github.com/javiadzu/ZunigaJavier_Ejercicio11,javiadzu,2020-02-26T15:43:21Z
243299645,https://github.com/lexEjoosten/Auger-Data-analysis,lexEjoosten,2020-02-26T15:41:58Z
243292664,https://github.com/GPattonEcit/micro-dudo,GPattonEcit,2020-02-26T15:11:17Z
243298572,https://github.com/JonSnowC/TestManagement,JonSnowC,2020-02-26T15:37:15Z
243294031,https://github.com/thevagus/CyberTone-Admin-Panel-Finder,thevagus,2020-02-26T15:17:03Z
243295935,https://github.com/meghdadyazdi/django_authentication,meghdadyazdi,2020-02-26T15:25:17Z
243299299,https://github.com/eQTL-Catalogue/eQTL-sumstats-file-validator,eQTL-Catalogue,2020-02-26T15:40:31Z
243300746,https://github.com/inigo-irigaray/MADRL-Cooperation,inigo-irigaray,2020-02-26T15:46:46Z
243291772,https://github.com/mkdk09/Pytorch-VAE,mkdk09,2020-02-26T15:07:25Z
243290109,https://github.com/jgstew/EvaluateRelevance.py,jgstew,2020-02-26T15:00:03Z
243293458,https://github.com/abordeau/sanic-api-starter,abordeau,2020-02-26T15:14:40Z
243294120,https://github.com/AgentN19/Hello-World-Python,AgentN19,2020-02-26T15:17:27Z
243294287,https://github.com/KulaMarcin/HackerRankPythonSolutions,KulaMarcin,2020-02-26T15:18:11Z
243296000,https://github.com/NeethiSadasivan/3,NeethiSadasivan,2020-02-26T15:25:37Z
243298047,https://github.com/OyakoDon0214/my-first-blog,OyakoDon0214,2020-02-26T15:35:00Z
243296943,https://github.com/nahosign/-,nahosign,2020-02-26T15:30:02Z
243297529,https://github.com/thejk/ExternalDependency,thejk,2020-02-26T15:32:47Z
243294933,https://github.com/AlexanderNadjalin/yield_curve_stripping,AlexanderNadjalin,2020-02-26T15:20:55Z
243295810,https://github.com/NickLentz/PAPI,NickLentz,2020-02-26T15:24:40Z
243290334,https://github.com/schimmerd/flask-restful-template-run,schimmerd,2020-02-26T15:00:55Z
243303242,https://github.com/TotalDK/itu1,TotalDK,2020-02-26T15:57:07Z
243297029,https://github.com/manueldevjour/practicing-python,manueldevjour,2020-02-26T15:30:19Z
243292513,https://github.com/ryanq1/Mastering-Python-Networking,ryanq1,2020-02-26T15:10:40Z
243296276,https://github.com/pavellebedev7/entry-task,pavellebedev7,2020-02-26T15:26:52Z
243294697,https://github.com/machukhinktato/Python-client-server-applications,machukhinktato,2020-02-26T15:19:50Z
243292633,https://github.com/nkpro2000sr/DataGenerator,nkpro2000sr,2020-02-26T15:11:10Z
243292016,https://github.com/miraplane/computer_geometry-graphics,miraplane,2020-02-26T15:08:31Z
243290943,https://github.com/shika-n/AMT_FGV,shika-n,2020-02-26T15:03:39Z
243295521,https://github.com/alexanderzou/MKS66-Transformations,alexanderzou,2020-02-26T15:23:21Z
243302080,https://github.com/riley-csp-2019-20/2-1-4-designing-the-ui-braxtongarza,riley-csp-2019-20,2020-02-26T15:52:09Z
243300236,https://github.com/stevenalfonso/AlfonsoJeison_Ejercicio11,stevenalfonso,2020-02-26T15:44:28Z
243300646,https://github.com/nazarshevchenko/ping-pong,nazarshevchenko,2020-02-26T15:46:19Z
243303803,https://github.com/jnikhilreddy/Implementation-of-Support-Vector-Machine,jnikhilreddy,2020-02-26T15:59:36Z
243303582,https://github.com/lukasjoc/i18ngen,lukasjoc,2020-02-26T15:58:37Z
243302612,https://github.com/hasanprep/pillow-quiz-drioshasan,hasanprep,2020-02-26T15:54:29Z
243302969,https://github.com/parisrigakis/TelloPython,parisrigakis,2020-02-26T15:55:58Z
243291377,https://github.com/linhaobuaa/gitdemo,linhaobuaa,2020-02-26T15:05:31Z
243295217,https://github.com/arash-ataee/exchange,arash-ataee,2020-02-26T15:22:03Z
243295425,https://github.com/TheAstartes/Nvidia_Self_Driving_Model,TheAstartes,2020-02-26T15:22:57Z
243300516,https://github.com/shushuai3/testofdataset,shushuai3,2020-02-26T15:45:43Z
243299031,https://github.com/lolomap/PajitnovBot,lolomap,2020-02-26T15:39:18Z
243301212,https://github.com/AkashDas2002/transform,AkashDas2002,2020-02-26T15:48:44Z
243299739,https://github.com/Hadraniel/profiles-rest-api,Hadraniel,2020-02-26T15:42:21Z
243294378,https://github.com/mora72/fcweb,mora72,2020-02-26T15:18:35Z
243292123,https://github.com/09gauravsingh/Python-Programs,09gauravsingh,2020-02-26T15:08:59Z
243303878,https://github.com/ROXXONUSA/Chatterly,ROXXONUSA,2020-02-26T15:59:56Z
243294579,https://github.com/Eterniitys/prjt_compilation,Eterniitys,2020-02-26T15:19:22Z
243300471,https://github.com/snowPu/master-thesis-autoencoder,snowPu,2020-02-26T15:45:30Z
243294374,https://github.com/hwwwi/stock_bot,hwwwi,2020-02-26T15:18:34Z
243296467,https://github.com/goldenj128/goldenj128,goldenj128,2020-02-26T15:27:41Z
243296257,https://github.com/NeethiSadasivan/5,NeethiSadasivan,2020-02-26T15:26:48Z
243296477,https://github.com/vikramforsk2019/Face-Recognition-by-OpenCV,vikramforsk2019,2020-02-26T15:27:46Z
243291519,https://github.com/adisri2694/flask,adisri2694,2020-02-26T15:06:11Z
243292740,https://github.com/dcapelamacedo/intermediate-python-course,dcapelamacedo,2020-02-26T15:11:32Z
243299084,https://github.com/ChillDread/names-database,ChillDread,2020-02-26T15:39:32Z
243300298,https://github.com/IulianaIagodka/NLP_Projector_Test,IulianaIagodka,2020-02-26T15:44:44Z
243300063,https://github.com/CEILWONG/DigCore,CEILWONG,2020-02-26T15:43:48Z
243291132,https://github.com/spraakbanken/json-streams-py,spraakbanken,2020-02-26T15:04:28Z
243297248,https://github.com/Lagotis21/LBDataProcessing,Lagotis21,2020-02-26T15:31:30Z
243300447,https://github.com/IQCS/nsimanga,IQCS,2020-02-26T15:45:24Z
243300818,https://github.com/sandromjr/stored_results_procedure_local,sandromjr,2020-02-26T15:47:04Z
243291244,https://github.com/LothairKizardjian/SC2_mcts,LothairKizardjian,2020-02-26T15:04:55Z
243300337,https://github.com/SuzukiDaishi/procon2018-megurimasu,SuzukiDaishi,2020-02-26T15:44:56Z
243293662,https://github.com/mahelmahmoud/profiles-django-api,mahelmahmoud,2020-02-26T15:15:33Z
243303279,https://github.com/camelrush/webLDCheck,camelrush,2020-02-26T15:57:17Z
243298641,https://github.com/ivlera/To_Do,ivlera,2020-02-26T15:37:34Z
243292916,https://github.com/stavinova/maps-scraper,stavinova,2020-02-26T15:12:11Z
243294600,https://github.com/MiracleP/lane_seg,MiracleP,2020-02-26T15:19:30Z
243292676,https://github.com/xsoloking/appium-uiautomator2-client,xsoloking,2020-02-26T15:11:20Z
243293908,https://github.com/Helenjw/ECE368,Helenjw,2020-02-26T15:16:32Z
243294123,https://github.com/Preyas77/amazon-price-change-reminder,Preyas77,2020-02-26T15:17:27Z
243291746,https://github.com/LorenzoMonti/reddit_scraper,LorenzoMonti,2020-02-26T15:07:15Z
243299075,https://github.com/PingMaster99/CC_2003_S30_HDT5,PingMaster99,2020-02-26T15:39:30Z
243302149,https://github.com/koknaroglu/python,koknaroglu,2020-02-26T15:52:28Z
243299784,https://github.com/LorneWhiteway/lfi_project,LorneWhiteway,2020-02-26T15:42:35Z
243301099,https://github.com/damianlewandowski/event-tracker-api,damianlewandowski,2020-02-26T15:48:16Z
243301358,https://github.com/StevenLianaL/me_backend,StevenLianaL,2020-02-26T15:49:16Z
243299813,https://github.com/tainaracamila/Hangman,tainaracamila,2020-02-26T15:42:43Z
243300049,https://github.com/t-prinz/ansible-for-devops-workshop,t-prinz,2020-02-26T15:43:45Z
243295998,https://github.com/vijaypratappandey/Automatic-and-semi-automatic-car-,vijaypratappandey,2020-02-26T15:25:36Z
243302828,https://github.com/jenarchiee/airline_forecast,jenarchiee,2020-02-26T15:55:22Z
243294873,https://github.com/NareshAtnPLUS/sequence-model,NareshAtnPLUS,2020-02-26T15:20:36Z
243295786,https://github.com/pythontrainingblr/pro3,pythontrainingblr,2020-02-26T15:24:33Z
243292538,https://github.com/Hamza-Nasir/Temperature-APi,Hamza-Nasir,2020-02-26T15:10:46Z
243300407,https://github.com/deadly-ninja/leetcode,deadly-ninja,2020-02-26T15:45:13Z
243297737,https://github.com/EnMolch/projects,EnMolch,2020-02-26T15:33:41Z
243290642,https://github.com/hclg/python_DW,hclg,2020-02-26T15:02:17Z
243295848,https://github.com/estelio-piconje/Django-To-Do-App,estelio-piconje,2020-02-26T15:24:51Z
243294707,https://github.com/TymoteuszTula/BioPhysics-Project,TymoteuszTula,2020-02-26T15:19:53Z
243294140,https://github.com/Datez-Kun/akhirat,Datez-Kun,2020-02-26T15:17:30Z
243302405,https://github.com/gkama/reddit,gkama,2020-02-26T15:53:40Z
243297374,https://github.com/chetanjoshi7/Array,chetanjoshi7,2020-02-26T15:32:06Z
243303551,https://github.com/hasanprep/pillow-quiz-teals-student,hasanprep,2020-02-26T15:58:28Z
243299579,https://github.com/takobell1988/hw-14,takobell1988,2020-02-26T15:41:41Z
243302759,https://github.com/FunkyMcBeef/ad-attack-list-generator,FunkyMcBeef,2020-02-26T15:55:05Z
243297123,https://github.com/Sankarshbhardwaj/Launchpad-Assignment,Sankarshbhardwaj,2020-02-26T15:30:50Z
243302405,https://github.com/gkama/reddit,gkama,2020-02-26T15:53:40Z
243303851,https://github.com/AGNICODEHUNTERS/test,AGNICODEHUNTERS,2020-02-26T15:59:51Z
243298467,https://github.com/FirtiBik/wifijammer,FirtiBik,2020-02-26T15:36:43Z
243302720,https://github.com/sherif-ffs/IS601-statistical-calculator,sherif-ffs,2020-02-26T15:54:56Z
243300708,https://github.com/kedaduck/Python-Projects,kedaduck,2020-02-26T15:46:35Z
243296284,https://github.com/gerald4/CPTree,gerald4,2020-02-26T15:26:54Z
243294806,https://github.com/anonym-submission-2020/n-rbf-kernels,anonym-submission-2020,2020-02-26T15:20:21Z
243296149,https://github.com/inconst/computational_geometry_labs,inconst,2020-02-26T15:26:18Z
243299894,https://github.com/minlaxz/gen-qr-logo,minlaxz,2020-02-26T15:43:01Z
243290702,https://github.com/lordsfantasy/python_cicd_test,lordsfantasy,2020-02-26T15:02:30Z