222379130,https://github.com/ngorog/cs340_final_project,ngorog,2019-11-18T06:33:22Z
222379870,https://github.com/mintimer/CPE327-ENVI,mintimer,2019-11-18T06:37:54Z
222381532,https://github.com/9ch/PhpWebServer,9ch,2019-11-18T06:48:09Z
222380451,https://github.com/NayanVerma10/SportsFest,NayanVerma10,2019-11-18T06:41:39Z
222378590,https://github.com/saratily/priority_queue,saratily,2019-11-18T06:30:06Z
222378861,https://github.com/Ongnoiban2010/featured-products,Ongnoiban2010,2019-11-18T06:31:49Z
222380474,https://github.com/iee-ihu-gr-course1941/ADISE19_Renos,iee-ihu-gr-course1941,2019-11-18T06:41:44Z
222380950,https://github.com/2928083282/hfcomposer2,2928083282,2019-11-18T06:44:37Z
222375677,https://github.com/GENTAXXX/gojek,GENTAXXX,2019-11-18T06:09:43Z
222374724,https://github.com/ryuhei-izumi/kadai-tasklist,ryuhei-izumi,2019-11-18T06:02:30Z
222377251,https://github.com/crewderek/watch.developmented,crewderek,2019-11-18T06:21:00Z
222379558,https://github.com/ThomyRipari/medium-posts,ThomyRipari,2019-11-18T06:35:54Z
222379858,https://github.com/Shizumi/mwf-chatwork-notification,Shizumi,2019-11-18T06:37:51Z
222379935,https://github.com/varundeva/osts,varundeva,2019-11-18T06:38:18Z
222375329,https://github.com/liangqigeng/goshop.liangqigeng.top,liangqigeng,2019-11-18T06:07:03Z
222378382,https://github.com/VictoriaBodnar/tetask,VictoriaBodnar,2019-11-18T06:28:44Z
222377088,https://github.com/ike-njoku/afrileg,ike-njoku,2019-11-18T06:19:55Z
222382870,https://github.com/BDprasad95/Testing_roles,BDprasad95,2019-11-18T06:56:44Z
222382017,https://github.com/lyalin-nick/test,lyalin-nick,2019-11-18T06:51:01Z
222383208,https://github.com/sirgloom/Game_Calendar-main.html,sirgloom,2019-11-18T06:58:50Z
222377765,https://github.com/Noman-ilyas/SeatingSystem,Noman-ilyas,2019-11-18T06:24:38Z
222378180,https://github.com/yanfeng1012/algorithm,yanfeng1012,2019-11-18T06:27:31Z
222377018,https://github.com/felipewesley/EngenhariaSoftwareI_projeto,felipewesley,2019-11-18T06:19:24Z
222377415,https://github.com/Amaan299/MyExam,Amaan299,2019-11-18T06:22:13Z
222378175,https://github.com/mannv/selenium-ide-manager,mannv,2019-11-18T06:27:30Z
222380476,https://github.com/MrChicken219/ALPE,MrChicken219,2019-11-18T06:41:45Z
222380420,https://github.com/reetakoshik/moodle36,reetakoshik,2019-11-18T06:41:30Z
222377563,https://github.com/Oxygent02/simpleAPIwithPHP,Oxygent02,2019-11-18T06:23:12Z
222376184,https://github.com/thorpzhu/learngit,thorpzhu,2019-11-18T06:13:25Z
222378507,https://github.com/sunnybot10/realm-digital,sunnybot10,2019-11-18T06:29:33Z
222380900,https://github.com/gnrbrhm/albsanat,gnrbrhm,2019-11-18T06:44:18Z
222374995,https://github.com/siono/api-rest-laravel,siono,2019-11-18T06:04:30Z
222376513,https://github.com/huyvuong-dev/parttime_exam_magenest_staff,huyvuong-dev,2019-11-18T06:15:51Z
222382029,https://github.com/TrongHau/solr_csn,TrongHau,2019-11-18T06:51:06Z
222381065,https://github.com/MRico98/ada3registroestudiantes,MRico98,2019-11-18T06:45:25Z
222377573,https://github.com/aljon1234/Atoy2,aljon1234,2019-11-18T06:23:14Z
222381900,https://github.com/thang21197/mvc-example,thang21197,2019-11-18T06:50:16Z
222377070,https://github.com/ibnufaisal-27/RESTful-ibnu-faisal,ibnufaisal-27,2019-11-18T06:19:47Z
222380901,https://github.com/3WebBox/xameel-wp-plugin,3WebBox,2019-11-18T06:44:18Z
222377906,https://github.com/Ciroygo/yii2-appversion,Ciroygo,2019-11-18T06:25:36Z
222378775,https://github.com/nebi19/managment,nebi19,2019-11-18T06:31:18Z
222381554,https://github.com/hihihirohi/laravel-todo-app,hihihirohi,2019-11-18T06:48:17Z
222378343,https://github.com/putheng/lixr-ui,putheng,2019-11-18T06:28:31Z
222380977,https://github.com/Marudi/prattle,Marudi,2019-11-18T06:44:47Z
222376656,https://github.com/Vikas-Daxko/fit-app,Vikas-Daxko,2019-11-18T06:16:50Z