1789500,https://github.com/vishnevskiy/battlenet,vishnevskiy,2011-05-23T18:49:18Z
1789478,https://github.com/emory-libraries/eulfedora,emory-libraries,2011-05-23T18:46:07Z
1789466,https://github.com/emory-libraries/eulxml,emory-libraries,2011-05-23T18:42:50Z
1789496,https://github.com/emory-libraries/eulexistdb,emory-libraries,2011-05-23T18:48:53Z
1789506,https://github.com/emory-libraries/eulcommon,emory-libraries,2011-05-23T18:50:35Z
1789411,https://github.com/sleekslush/social-account,sleekslush,2011-05-23T18:31:30Z
1789525,https://github.com/saschagoebel/FirefoxBookmarkImporter,saschagoebel,2011-05-23T18:54:24Z
1789402,https://github.com/elialbert/Pbrain2,elialbert,2011-05-23T18:30:00Z