190297192,https://github.com/facebookresearch/DeeperCluster,facebookresearch,2019-06-05T00:11:03Z
190296380,https://github.com/ericyi/GSPN,ericyi,2019-06-05T00:01:26Z
190301588,https://github.com/nazim1021/neural-machine-translation-using-gan,nazim1021,2019-06-05T00:58:05Z
190298711,https://github.com/bryanvriel/pygeodesy,bryanvriel,2019-06-05T00:28:16Z
190296873,https://github.com/fitzee/appmeshdemo,fitzee,2019-06-05T00:07:24Z
190300517,https://github.com/tianwaifeidie/AndrOpGAN,tianwaifeidie,2019-06-05T00:47:23Z
190301551,https://github.com/18686622933/EduAS,18686622933,2019-06-05T00:57:46Z
190300633,https://github.com/stefanantic7/Lanta,stefanantic7,2019-06-05T00:48:36Z
190299641,https://github.com/wangqi1919/Code-Deep-Multiview-Information-Bottleneck,wangqi1919,2019-06-05T00:37:49Z
190298980,https://github.com/dmarsola/mizpel,dmarsola,2019-06-05T00:31:17Z
190300887,https://github.com/mozilla-iot/earthquake-monitor-adapter,mozilla-iot,2019-06-05T00:51:00Z
190299660,https://github.com/charlest99/NbaDataScrape,charlest99,2019-06-05T00:38:01Z
190298705,https://github.com/nmagana/techtrack100tutorial,nmagana,2019-06-05T00:28:10Z
190297445,https://github.com/consultaddTraining/June03Python,consultaddTraining,2019-06-05T00:14:07Z
190301511,https://github.com/kellyeames/pagesproject,kellyeames,2019-06-05T00:57:24Z
190296761,https://github.com/ddai-dev/images360,ddai-dev,2019-06-05T00:06:04Z
190297907,https://github.com/s2loves27/stock_python,s2loves27,2019-06-05T00:19:33Z
190297236,https://github.com/yhs111/typeidea,yhs111,2019-06-05T00:11:41Z
190298714,https://github.com/RileyMathews/python-lambda-testing,RileyMathews,2019-06-05T00:28:17Z
190299612,https://github.com/sshao2013/Food_Recommendation,sshao2013,2019-06-05T00:37:34Z
190299695,https://github.com/sergioBaez/clasificador_avisos_propiedades,sergioBaez,2019-06-05T00:38:21Z
190298237,https://github.com/mchen0037/jitterbunk,mchen0037,2019-06-05T00:23:04Z
190300455,https://github.com/A620-Work-Exchange/Plot,A620-Work-Exchange,2019-06-05T00:46:44Z
190299081,https://github.com/sx-aurora-dev/keras,sx-aurora-dev,2019-06-05T00:32:14Z
190296638,https://github.com/Masterbond7/jMathLib,Masterbond7,2019-06-05T00:04:29Z
190296704,https://github.com/anvitha-jain/SmartDoor,anvitha-jain,2019-06-05T00:05:24Z
190297821,https://github.com/yhu9/visor,yhu9,2019-06-05T00:18:41Z
190298556,https://github.com/suchithhegde/testrepo1,suchithhegde,2019-06-05T00:26:32Z
190299652,https://github.com/Jaltinco/Track-Field,Jaltinco,2019-06-05T00:37:55Z
190298280,https://github.com/robertslutsky/jitterbunk,robertslutsky,2019-06-05T00:23:33Z
190299204,https://github.com/lebull/cgbs,lebull,2019-06-05T00:33:25Z
190299205,https://github.com/iamharryliu/beam-calculator,iamharryliu,2019-06-05T00:33:25Z
190296857,https://github.com/CarlosM0905/Grupos_Interes,CarlosM0905,2019-06-05T00:07:06Z
190296914,https://github.com/damang2/decrypter,damang2,2019-06-05T00:07:58Z
190297033,https://github.com/lkalyani1/python-challenge,lkalyani1,2019-06-05T00:09:18Z
190301715,https://github.com/mooremok/ems,mooremok,2019-06-05T00:59:31Z
190298443,https://github.com/maiya-tracy/FlaskPlayground,maiya-tracy,2019-06-05T00:25:23Z
190296853,https://github.com/lili1610818064/index1,lili1610818064,2019-06-05T00:07:05Z
190297706,https://github.com/olarte9711/Laberinto,olarte9711,2019-06-05T00:17:20Z
190300619,https://github.com/lili1610818064/PythonDemo,lili1610818064,2019-06-05T00:48:26Z
190300055,https://github.com/JaxtonHale/MNIST-Test,JaxtonHale,2019-06-05T00:42:14Z
190299184,https://github.com/Lionhardv2/Test,Lionhardv2,2019-06-05T00:33:15Z
190299407,https://github.com/cda-2019-01/lab-consultas-en-sql-mauribelu,cda-2019-01,2019-06-05T00:35:24Z
190296327,https://github.com/JorgeQuintanaL/data_graph,JorgeQuintanaL,2019-06-05T00:00:41Z
190296523,https://github.com/DenisPerez/Lab-Comunicacion-de-datos,DenisPerez,2019-06-05T00:03:09Z
190301240,https://github.com/Ignacio246/oop,Ignacio246,2019-06-05T00:54:43Z
190298819,https://github.com/cda-2019-01/lab-transformacion-de-datos-usando-bash-jjculmac,cda-2019-01,2019-06-05T00:29:28Z
190299725,https://github.com/jonathasfsilva/aed-jfs-20181,jonathasfsilva,2019-06-05T00:38:41Z
190297949,https://github.com/jeremyerickson31/assorted,jeremyerickson31,2019-06-05T00:19:53Z
190301346,https://github.com/qlixes/xelektronika-server,qlixes,2019-06-05T00:55:49Z
190297909,https://github.com/maw506/UTN-FRC,maw506,2019-06-05T00:19:34Z
190300989,https://github.com/juliano-cunha/exercicios_python,juliano-cunha,2019-06-05T00:52:01Z
190301200,https://github.com/dhrubojn/Flipkart-API-Scraper,dhrubojn,2019-06-05T00:54:21Z
190301370,https://github.com/ajatOdin/VAIAssist,ajatOdin,2019-06-05T00:56:03Z
190300576,https://github.com/liken95/webspider,liken95,2019-06-05T00:48:06Z
190298294,https://github.com/oimq/ElectronicHands,oimq,2019-06-05T00:23:45Z
190300720,https://github.com/dhrubojn/amazon-api-scraper,dhrubojn,2019-06-05T00:49:16Z
190297745,https://github.com/gmaruzhenko/Heat-Equation-Sim,gmaruzhenko,2019-06-05T00:17:45Z
190301238,https://github.com/CommentSense/Fusion-360-Addins,CommentSense,2019-06-05T00:54:40Z
190300123,https://github.com/VladMD12/vlad-address-book,VladMD12,2019-06-05T00:43:00Z
190298558,https://github.com/BNeutral/discordKeyBot,BNeutral,2019-06-05T00:26:32Z
190299202,https://github.com/pablocosta/per2embeddings,pablocosta,2019-06-05T00:33:24Z
190298827,https://github.com/danilovex/dojo-python-fizzbuzz,danilovex,2019-06-05T00:29:32Z
190298240,https://github.com/SChabrier/DIU_EIL,SChabrier,2019-06-05T00:23:07Z
190298310,https://github.com/mycegcpdemo/demo-knative,mycegcpdemo,2019-06-05T00:23:54Z
190299822,https://github.com/pablocosta/deeptoolkit_parser,pablocosta,2019-06-05T00:39:38Z
190297300,https://github.com/purvish25/DecantingProblem,purvish25,2019-06-05T00:12:17Z
190297361,https://github.com/manojveluru/Python_ShapesClasses,manojveluru,2019-06-05T00:13:03Z
190301371,https://github.com/Jose0003/zsproject,Jose0003,2019-06-05T00:56:04Z
190300553,https://github.com/bronex00/bronex2,bronex00,2019-06-05T00:47:47Z
190299454,https://github.com/jbokchoi/python_intro_exercises,jbokchoi,2019-06-05T00:36:00Z
190301579,https://github.com/feiyangsb/AssuranceMonitor_Verification,feiyangsb,2019-06-05T00:58:02Z
190301587,https://github.com/srithon/TF2MetalVsMarket,srithon,2019-06-05T00:58:04Z
190301688,https://github.com/bsolino/2019-speech-entrainment,bsolino,2019-06-05T00:59:07Z
190297533,https://github.com/DaniBlumstein/Cisco-Linkage-Map,DaniBlumstein,2019-06-05T00:15:12Z
190300236,https://github.com/cda-2019-01/lab-consultas-en-sql-Jahcro16,cda-2019-01,2019-06-05T00:44:15Z
190300535,https://github.com/Pi0ter/Python-OOP-project-2,Pi0ter,2019-06-05T00:47:34Z
190296752,https://github.com/RenoTechnologyAcademy/CIT325_Lab3_Files,RenoTechnologyAcademy,2019-06-05T00:05:59Z
190296915,https://github.com/iamcheko/check_mk_downtime,iamcheko,2019-06-05T00:07:58Z
190300800,https://github.com/liangyuyan123/PythonDemo,liangyuyan123,2019-06-05T00:50:04Z
190297492,https://github.com/mtummal1/june03py,mtummal1,2019-06-05T00:14:46Z
190298987,https://github.com/dean2727/Namex,dean2727,2019-06-05T00:31:22Z
190299869,https://github.com/jldork/Synthetics_BDD_Demonstration,jldork,2019-06-05T00:40:11Z
190298410,https://github.com/wk8/github_retry,wk8,2019-06-05T00:25:09Z
190301410,https://github.com/cda-2019-01/lab-consultas-en-sql-ahincapieb,cda-2019-01,2019-06-05T00:56:28Z
190300802,https://github.com/JialeTomTian/Drihili-Forest,JialeTomTian,2019-06-05T00:50:05Z
190299251,https://github.com/Gexygamma/AlgoritmosGeneticos,Gexygamma,2019-06-05T00:33:56Z
190299353,https://github.com/VictorDavis/brainfuck,VictorDavis,2019-06-05T00:34:59Z
190296532,https://github.com/daozlv/MusicRecognition,daozlv,2019-06-05T00:03:14Z
190297072,https://github.com/DS5507/rock-paper-scissors-exercise,DS5507,2019-06-05T00:09:49Z
190296307,https://github.com/sdKalibur/kal-sar,sdKalibur,2019-06-05T00:00:30Z
190296583,https://github.com/crazykyler005/Slither,crazykyler005,2019-06-05T00:03:55Z
190300198,https://github.com/dongheelee1/leetcode_chapters,dongheelee1,2019-06-05T00:43:51Z
190301749,https://github.com/sethsdo/file_manipulation_script,sethsdo,2019-06-05T00:59:51Z
190300332,https://github.com/jamesrstevick/lease-generator,jamesrstevick,2019-06-05T00:45:23Z
190297470,https://github.com/kruti4861/pythonDemo,kruti4861,2019-06-05T00:14:23Z
190298226,https://github.com/BinaryGamer/English-Fun-Times,BinaryGamer,2019-06-05T00:22:53Z
190297438,https://github.com/KIM-JAEHYUNG/word_counter,KIM-JAEHYUNG,2019-06-05T00:14:01Z
190299602,https://github.com/jain0801/wordcount,jain0801,2019-06-05T00:37:29Z
190299731,https://github.com/amuljadhav03/test,amuljadhav03,2019-06-05T00:38:42Z
190297827,https://github.com/MWalKnox/Simple-Calculator,MWalKnox,2019-06-05T00:18:43Z
190300635,https://github.com/taro0079/autoplottingTemp,taro0079,2019-06-05T00:48:36Z
190297340,https://github.com/Trowsing/django-rest-api,Trowsing,2019-06-05T00:12:48Z
190299885,https://github.com/Chrranone/personalWeb,Chrranone,2019-06-05T00:40:20Z
190301292,https://github.com/hooper82/ari_first_birthday,hooper82,2019-06-05T00:55:21Z
190301323,https://github.com/mmcgaw182/UVA-MSDS,mmcgaw182,2019-06-05T00:55:43Z
190297991,https://github.com/AkshayAgarwal13/Device-Classification-for-Trump-Tweets,AkshayAgarwal13,2019-06-05T00:20:25Z
190298622,https://github.com/mikebrowne/UtilityFunctions,mikebrowne,2019-06-05T00:27:15Z
190297050,https://github.com/LucasClaroNicolau/Rede3s,LucasClaroNicolau,2019-06-05T00:09:28Z
190296660,https://github.com/MotohisaFukuda/RTNI_light,MotohisaFukuda,2019-06-05T00:04:52Z
190298856,https://github.com/dmhpsi/SundayServer,dmhpsi,2019-06-05T00:29:57Z
190299519,https://github.com/kfrankc/custom_lr,kfrankc,2019-06-05T00:36:40Z
190298124,https://github.com/luizcoelhoc1/uh,luizcoelhoc1,2019-06-05T00:21:51Z
190296630,https://github.com/Warble13/pretty_wacko_crazy,Warble13,2019-06-05T00:04:24Z
190297402,https://github.com/RyonGloria/SmartCar,RyonGloria,2019-06-05T00:13:35Z
190299868,https://github.com/laokangde/GPR-Bscan,laokangde,2019-06-05T00:40:10Z
190299064,https://github.com/NataliaAMM/TrabajosModelos2,NataliaAMM,2019-06-05T00:32:02Z
190299125,https://github.com/smyousuf14/Character-Recognition-using-custom-made-neural-network,smyousuf14,2019-06-05T00:32:41Z