606245,https://github.com/go/geloge-lo,go,2010-04-12T08:52:50Z
606230,https://github.com/sadao/meigen,sadao,2010-04-12T08:32:19Z