63073734,https://github.com/laravel/passport,laravel,2016-07-11T14:13:09Z
63073314,https://github.com/summerblue/phphub5,summerblue,2016-07-11T14:07:48Z
63074207,https://github.com/jjpmann/real-magnet-sdk,jjpmann,2016-07-11T14:19:19Z
63076741,https://github.com/muyaedward/quest-api-php,muyaedward,2016-07-11T14:51:31Z
63077353,https://github.com/AlexLeonCord/PruebaPHP,AlexLeonCord,2016-07-11T14:59:23Z
63075792,https://github.com/nsbucky/resultset-table,nsbucky,2016-07-11T14:39:42Z
63076337,https://github.com/vladimirprieto/sii_bak2csv,vladimirprieto,2016-07-11T14:46:54Z
63073483,https://github.com/Xeramos/cfc_outbound,Xeramos,2016-07-11T14:10:14Z
63074970,https://github.com/michaelgallagher/aftertheflood,michaelgallagher,2016-07-11T14:29:17Z
63075343,https://github.com/FernandoOsuna/gerais-v2,FernandoOsuna,2016-07-11T14:34:13Z
63073233,https://github.com/BrunoAwdd/dmajo,BrunoAwdd,2016-07-11T14:06:50Z
63074727,https://github.com/bingxuecandong/alfred,bingxuecandong,2016-07-11T14:25:49Z
63076002,https://github.com/RollyLumibao/phpchat,RollyLumibao,2016-07-11T14:42:21Z
63074876,https://github.com/m00nlighter/yii2_dashboard_template,m00nlighter,2016-07-11T14:27:59Z
63073730,https://github.com/PrivateDev/utils,PrivateDev,2016-07-11T14:13:03Z
63075975,https://github.com/ktygch/original_ver01,ktygch,2016-07-11T14:42:02Z
63076306,https://github.com/ryanseaton568/CSC-452-Database-Application-Development,ryanseaton568,2016-07-11T14:46:28Z
63074058,https://github.com/andyfaulkner/PortfolioWebSite,andyfaulkner,2016-07-11T14:17:37Z
63074808,https://github.com/fiamma06/yii2-countdown,fiamma06,2016-07-11T14:27:01Z
63076968,https://github.com/cristinallamas/script_block,cristinallamas,2016-07-11T14:54:14Z
63073569,https://github.com/ak4t0sh/php-bug-path-resolution-inconsistency,ak4t0sh,2016-07-11T14:11:15Z
63074977,https://github.com/Bioriginal/docker-magento,Bioriginal,2016-07-11T14:29:21Z
63073823,https://github.com/kilfu0701/cakephp3-samples,kilfu0701,2016-07-11T14:14:24Z
63075669,https://github.com/nicolas-bastien/LoadBalancerBundle,nicolas-bastien,2016-07-11T14:38:07Z
63072720,https://github.com/Contextualist/WintryKiwi,Contextualist,2016-07-11T14:01:02Z
63075594,https://github.com/silktide/stash,silktide,2016-07-11T14:37:06Z
63073309,https://github.com/ThunboltCMS/doctrine-timestamp,ThunboltCMS,2016-07-11T14:07:41Z
63077201,https://github.com/scph77008/ShpatelTimeline,scph77008,2016-07-11T14:57:18Z
63073016,https://github.com/fredrikspannar/bookcollections,fredrikspannar,2016-07-11T14:04:01Z
63075808,https://github.com/Andreych1500/childrensdream.com.ua.local,Andreych1500,2016-07-11T14:39:54Z
63076675,https://github.com/opendevshop/aegir_cloud,opendevshop,2016-07-11T14:50:51Z
63074417,https://github.com/edithkk/ui--ids-toolchain-microservices-part1,edithkk,2016-07-11T14:21:52Z
63077117,https://github.com/suntog/suntog8,suntog,2016-07-11T14:56:01Z
63076455,https://github.com/elmclean/dungeons-and-dragons,elmclean,2016-07-11T14:48:20Z
63076525,https://github.com/raventools/dbutils,raventools,2016-07-11T14:49:15Z
63077155,https://github.com/tranxuanthang/darkeShop,tranxuanthang,2016-07-11T14:56:36Z
63074415,https://github.com/itarato/mic_php_ftp,itarato,2016-07-11T14:21:51Z
63075702,https://github.com/RohitBattu/MyProjects,RohitBattu,2016-07-11T14:38:33Z
63073360,https://github.com/adalejc/ApiTest,adalejc,2016-07-11T14:08:22Z
63073371,https://github.com/OksanaKovalchuk/FirstPage,OksanaKovalchuk,2016-07-11T14:08:32Z
63073805,https://github.com/dreamfactorysoftware/df-cassandra,dreamfactorysoftware,2016-07-11T14:14:12Z
63076943,https://github.com/roman009/miniature-chainsaw,roman009,2016-07-11T14:53:56Z