7847592,https://github.com/icub3d/goblog,icub3d,2013-01-27T03:31:56Z
7847370,https://github.com/interstateone/translate,interstateone,2013-01-27T03:06:40Z
7847772,https://github.com/jonhanks/GoJoystick,jonhanks,2013-01-27T03:52:43Z