267683343,https://github.com/aeon-php/calendar,aeon-php,2020-05-28T19:55:16Z
267680176,https://github.com/SofiaPinilla/e-commerce-2.0,SofiaPinilla,2020-05-28T19:38:20Z
267678148,https://github.com/DamianCabrio/JUNTAR,DamianCabrio,2020-05-28T19:28:11Z
267681628,https://github.com/kumarravisingh/laravel-import-multisheet-excel-with-formula,kumarravisingh,2020-05-28T19:46:28Z
267683469,https://github.com/mohamed-akef/The-Magic-DTO,mohamed-akef,2020-05-28T19:56:01Z
267677269,https://github.com/icexch/media,icexch,2020-05-28T19:23:39Z
267679047,https://github.com/Chanukacnm/Codesprint,Chanukacnm,2020-05-28T19:32:33Z
267681915,https://github.com/Gasperrini/Laravel-darbo-uzduotis,Gasperrini,2020-05-28T19:47:57Z
267683225,https://github.com/sergio-slima/projetoxdbv,sergio-slima,2020-05-28T19:54:38Z
267681067,https://github.com/guipaduan/Router-System,guipaduan,2020-05-28T19:43:31Z
267674408,https://github.com/hector81/PHP_2019,hector81,2020-05-28T19:09:29Z
267673210,https://github.com/nathanoertel/veracore-api-php,nathanoertel,2020-05-28T19:03:34Z
267679646,https://github.com/luizferreira20/php,luizferreira20,2020-05-28T19:35:51Z
267680628,https://github.com/Touria-lang/instagram,Touria-lang,2020-05-28T19:40:59Z
267677939,https://github.com/sasce1974/sorting,sasce1974,2020-05-28T19:27:09Z
267672587,https://github.com/ShawThemes/ceilings,ShawThemes,2020-05-28T19:00:41Z
267679352,https://github.com/geileroscar/Estacion_meteorologica,geileroscar,2020-05-28T19:34:11Z
267683354,https://github.com/Arodrigal/agora-bundle,Arodrigal,2020-05-28T19:55:19Z
267678305,https://github.com/TommyEm/Dynavatac,TommyEm,2020-05-28T19:29:04Z
267677111,https://github.com/calvin0405/calvin0405.github.io,calvin0405,2020-05-28T19:22:48Z
267672705,https://github.com/cyber-lama/lesson2-php-database-api,cyber-lama,2020-05-28T19:01:13Z
267676244,https://github.com/samlessgit/txtmos,samlessgit,2020-05-28T19:18:30Z
267683361,https://github.com/Guermoud98/-back-end-site-web,Guermoud98,2020-05-28T19:55:21Z
267681583,https://github.com/edson2801/soap-php,edson2801,2020-05-28T19:46:14Z
267682144,https://github.com/labo86/staty,labo86,2020-05-28T19:49:07Z
267682265,https://github.com/KATASHIOFFICAL/ucuzpreminyum,KATASHIOFFICAL,2020-05-28T19:49:42Z
267680052,https://github.com/himanshu-802/phonebook-app,himanshu-802,2020-05-28T19:37:42Z
267676178,https://github.com/orgkotya/https-www.spoj.com,orgkotya,2020-05-28T19:18:14Z
267676189,https://github.com/bukowski12/TT,bukowski12,2020-05-28T19:18:17Z
267679914,https://github.com/eduardocorradini/cursophp7-dao,eduardocorradini,2020-05-28T19:37:12Z
267676334,https://github.com/RMZ1070/ManyToManyRem,RMZ1070,2020-05-28T19:18:58Z
267679253,https://github.com/Ritik-7/hackovid,Ritik-7,2020-05-28T19:33:35Z
267676875,https://github.com/Terlius/letrasDispersas,Terlius,2020-05-28T19:21:35Z
267677293,https://github.com/ZerocoolVishal/share,ZerocoolVishal,2020-05-28T19:23:49Z
267682500,https://github.com/ArchTaqi/asbezaDeliveryBackend,ArchTaqi,2020-05-28T19:50:51Z
267682963,https://github.com/jeanmmiguel/CRUD-PDO-PHP,jeanmmiguel,2020-05-28T19:53:00Z
267684149,https://github.com/Capi15/yii_trab,Capi15,2020-05-28T19:59:47Z
267682619,https://github.com/vsevolod-ryzhov/yii2-ar-control,vsevolod-ryzhov,2020-05-28T19:51:25Z
267673712,https://github.com/smilydawra/portfolio_website_PHP,smilydawra,2020-05-28T19:06:00Z
267672693,https://github.com/emsnguyen/laravel6_crud_demo,emsnguyen,2020-05-28T19:01:10Z
267676510,https://github.com/IDaldi/pinjambarang,IDaldi,2020-05-28T19:19:45Z
267682882,https://github.com/erickgato/Scia,erickgato,2020-05-28T19:52:35Z
267674063,https://github.com/t-edson/phcontrols,t-edson,2020-05-28T19:07:51Z
267677175,https://github.com/Tyomka-Ilyin/dz1,Tyomka-Ilyin,2020-05-28T19:23:10Z
267675182,https://github.com/Essa92/Honnta92,Essa92,2020-05-28T19:13:13Z
267680328,https://github.com/Nirottamdhakad/RENTOMOJO,Nirottamdhakad,2020-05-28T19:39:14Z
267684120,https://github.com/faizaziz24/new_blog,faizaziz24,2020-05-28T19:59:39Z
267683826,https://github.com/Ebrahemsamer2/shareboard,Ebrahemsamer2,2020-05-28T19:58:02Z
267681089,https://github.com/Arifmehrab00/DivisionToVillage-Sorting-laravel-And-ajax,Arifmehrab00,2020-05-28T19:43:38Z
267679878,https://github.com/LeonardoHAraujo/Assinatura-de-e-mail,LeonardoHAraujo,2020-05-28T19:36:59Z
267682106,https://github.com/Marsek190/crm_console,Marsek190,2020-05-28T19:48:58Z
267675238,https://github.com/thazsobral/-introduction-docker,thazsobral,2020-05-28T19:13:27Z
267677086,https://github.com/IliushynOlena/PHP_Wordpress_Car_Rent,IliushynOlena,2020-05-28T19:22:40Z
267682854,https://github.com/ConradoZA/Final-Project-MySQLDB,ConradoZA,2020-05-28T19:52:29Z
267678748,https://github.com/SaurusLex/LastTask-API,SaurusLex,2020-05-28T19:31:00Z
267679174,https://github.com/bubliksite/wp-silazveta,bubliksite,2020-05-28T19:33:13Z
267680530,https://github.com/mateusgomes01/laravel-blog,mateusgomes01,2020-05-28T19:40:20Z
267679513,https://github.com/lollypop-tech/rain,lollypop-tech,2020-05-28T19:35:00Z
267676359,https://github.com/Chris7ca/tasks,Chris7ca,2020-05-28T19:19:05Z
267681316,https://github.com/sckof123/getweb,sckof123,2020-05-28T19:44:47Z