29732465,https://github.com/kreait/firebase-bundle,kreait,2015-01-23T12:55:59Z
29731096,https://github.com/GrahamDeprecated/Laravel-Segment,GrahamDeprecated,2015-01-23T12:10:51Z
29732198,https://github.com/dotmailer/dotmailer-magento-extension,dotmailer,2015-01-23T12:47:48Z
29732131,https://github.com/inhere/simple-print-tool,inhere,2015-01-23T12:45:25Z
29731494,https://github.com/nitcfest/backend,nitcfest,2015-01-23T12:25:14Z
29731344,https://github.com/akempler/devernote,akempler,2015-01-23T12:19:55Z
29731088,https://github.com/Sven65/FileManager,Sven65,2015-01-23T12:10:29Z
29731286,https://github.com/BeNnYLiloM/doctrine-orm-test,BeNnYLiloM,2015-01-23T12:17:37Z
29731310,https://github.com/piengeng/laratests,piengeng,2015-01-23T12:18:38Z
29731449,https://github.com/techimist/plunder,techimist,2015-01-23T12:23:50Z
29732012,https://github.com/zenseo/pavo_opencart,zenseo,2015-01-23T12:41:36Z
29731184,https://github.com/mahasak/CosignWebAgent,mahasak,2015-01-23T12:13:42Z
29731929,https://github.com/armfergom/ptgestion,armfergom,2015-01-23T12:39:04Z
29731222,https://github.com/senthilsugumar/symfony,senthilsugumar,2015-01-23T12:15:13Z
29732126,https://github.com/Tozzter/test,Tozzter,2015-01-23T12:45:20Z
29732508,https://github.com/asrianCron/www,asrianCron,2015-01-23T12:57:12Z
29731132,https://github.com/dotmailer/dotdigital-signup-form,dotmailer,2015-01-23T12:12:07Z
29731650,https://github.com/tecumsehmaverick/modules,tecumsehmaverick,2015-01-23T12:30:39Z
29730970,https://github.com/VzGlauco/Projeto,VzGlauco,2015-01-23T12:05:08Z
29731372,https://github.com/vlaurier/solid,vlaurier,2015-01-23T12:21:06Z
29731891,https://github.com/brunomuler/wordpress-boilerplate,brunomuler,2015-01-23T12:37:54Z