358518587,https://github.com/viveknimbolkar/SwiftBank,viveknimbolkar,2021-04-16T07:48:01Z
358507490,https://github.com/Jyoti130/Basic-Banking-System,Jyoti130,2021-04-16T07:05:36Z
358514042,https://github.com/ridwanpratama/pengayaan-ukk-2,ridwanpratama,2021-04-16T07:30:27Z
358517690,https://github.com/imperiumclansoftware/cron-bundle,imperiumclansoftware,2021-04-16T07:44:22Z
358508778,https://github.com/yandex-cloud/ydb-php-examples,yandex-cloud,2021-04-16T07:10:27Z
358512340,https://github.com/kudoshinichi0000/group9_website,kudoshinichi0000,2021-04-16T07:23:58Z
358510276,https://github.com/rizwanahmadawan/PakChat,rizwanahmadawan,2021-04-16T07:16:11Z
358513575,https://github.com/Muneerat/zuri-traning-2021,Muneerat,2021-04-16T07:28:40Z
358519110,https://github.com/Martin710/project,Martin710,2021-04-16T07:50:07Z
358512853,https://github.com/AitonC2/aurora,AitonC2,2021-04-16T07:25:47Z
358512014,https://github.com/gallak/fusiondirectory-plugins-netdisco,gallak,2021-04-16T07:22:47Z
358515095,https://github.com/kroepelin-projekte/Chart,kroepelin-projekte,2021-04-16T07:34:28Z
358507436,https://github.com/Craybloge/CA_php_course,Craybloge,2021-04-16T07:05:25Z
358517329,https://github.com/jintu-thomas/laravel_blog,jintu-thomas,2021-04-16T07:43:04Z
358515516,https://github.com/alaysius/LayBare-Ordering-System-Php,alaysius,2021-04-16T07:36:01Z
358514678,https://github.com/MBenharoun/symfony-project,MBenharoun,2021-04-16T07:32:54Z
358518870,https://github.com/aleksandr-shch/sun_finance,aleksandr-shch,2021-04-16T07:49:10Z
358521599,https://github.com/prashil1809/1,prashil1809,2021-04-16T07:59:43Z
358506645,https://github.com/muratcankuruoffical/strixeye,muratcankuruoffical,2021-04-16T07:02:22Z
358506675,https://github.com/greycenjoki/pizza-order-system,greycenjoki,2021-04-16T07:02:29Z
358508101,https://github.com/anandau/elementor-fcrm-integration,anandau,2021-04-16T07:07:50Z
358508215,https://github.com/AlinaJakiyeva/hotel-booking,AlinaJakiyeva,2021-04-16T07:08:22Z
358516369,https://github.com/gbullet-nws/repo_symfony,gbullet-nws,2021-04-16T07:39:18Z
358519172,https://github.com/tariq-hameed/MyRestory,tariq-hameed,2021-04-16T07:50:22Z
358519560,https://github.com/joeniho/Zuri-training,joeniho,2021-04-16T07:51:46Z
358514401,https://github.com/harshitha69reddy/Simple-banking-system,harshitha69reddy,2021-04-16T07:31:45Z
358512591,https://github.com/firdevsduman/php-challange-4,firdevsduman,2021-04-16T07:24:54Z
358521319,https://github.com/sandroauskas1987/github,sandroauskas1987,2021-04-16T07:58:38Z
358519332,https://github.com/ShadYantra/php-ShadYantra,ShadYantra,2021-04-16T07:50:54Z
358510144,https://github.com/createproject11/twinsrobo,createproject11,2021-04-16T07:15:39Z
358517728,https://github.com/myk4040okothogodo/Lava-Api,myk4040okothogodo,2021-04-16T07:44:33Z
358518372,https://github.com/Ai-Rish03/Jveerish,Ai-Rish03,2021-04-16T07:47:11Z
358511223,https://github.com/HHane1021/Laravel-PHPUnit-Test,HHane1021,2021-04-16T07:19:52Z
358513319,https://github.com/Smit0209/Login-Module,Smit0209,2021-04-16T07:27:33Z
358509475,https://github.com/hamzahzu/test1-opsigo,hamzahzu,2021-04-16T07:13:03Z
358509720,https://github.com/kokogee/i4GZuriTask,kokogee,2021-04-16T07:13:58Z
358510157,https://github.com/kshatrikovida/basic-banking-system,kshatrikovida,2021-04-16T07:15:41Z
358515369,https://github.com/Ikazxz/koperasi-pt-pkss,Ikazxz,2021-04-16T07:35:26Z
358511766,https://github.com/boyang035/rrzj-common-sdk,boyang035,2021-04-16T07:21:55Z
358515775,https://github.com/Faria61/Day-4-assignment,Faria61,2021-04-16T07:37:04Z
358514549,https://github.com/prashantgp08/movies_info,prashantgp08,2021-04-16T07:32:19Z
358512495,https://github.com/alessandroalessio/eazy-2021,alessandroalessio,2021-04-16T07:24:33Z
358514863,https://github.com/officialgp/gp,officialgp,2021-04-16T07:33:34Z
358509130,https://github.com/blackfyre/bitnet-gateway,blackfyre,2021-04-16T07:11:51Z
358516285,https://github.com/nancyordor/Task5_BasicAuthSystem,nancyordor,2021-04-16T07:39:00Z
358513694,https://github.com/imirbg/sales-dashboard-back-end,imirbg,2021-04-16T07:29:11Z
358509038,https://github.com/khang167/Wedclp,khang167,2021-04-16T07:11:28Z
358520440,https://github.com/franck-paul/flocOff,franck-paul,2021-04-16T07:55:13Z
358520390,https://github.com/kwojtuszek/Baza-Danych,kwojtuszek,2021-04-16T07:54:59Z
358514843,https://github.com/freinersalazar/junta_accion_comunall,freinersalazar,2021-04-16T07:33:31Z
358514210,https://github.com/kasra-habibbeygi/Accounting,kasra-habibbeygi,2021-04-16T07:30:58Z
358516414,https://github.com/karinamanda/ppdb2,karinamanda,2021-04-16T07:39:29Z
358520604,https://github.com/TheEmekah/xyzPHPclass2,TheEmekah,2021-04-16T07:55:50Z
358521239,https://github.com/ALukkala/P-sivu,ALukkala,2021-04-16T07:58:17Z
358519396,https://github.com/reyhansyamsudin/02_Pemrograman_Web_Lanjut_satu,reyhansyamsudin,2021-04-16T07:51:08Z
358518141,https://github.com/hitesh1986/LearningEC2,hitesh1986,2021-04-16T07:46:18Z
358514638,https://github.com/PatLavel/gest-emp,PatLavel,2021-04-16T07:32:43Z
358517607,https://github.com/McYacsson/zuriautentic,McYacsson,2021-04-16T07:44:03Z
358512034,https://github.com/siYuanJun/php-api-moban,siYuanJun,2021-04-16T07:22:51Z
358514945,https://github.com/Borobo/tp-symfony-bda,Borobo,2021-04-16T07:33:51Z
358513696,https://github.com/kaaayooo/the-company-2,kaaayooo,2021-04-16T07:29:12Z
358506602,https://github.com/SaiZayarHtet1999/testing-deploy,SaiZayarHtet1999,2021-04-16T07:02:11Z
358510719,https://github.com/enakollins/Basic-Authentication-in-PHP,enakollins,2021-04-16T07:17:54Z
358508468,https://github.com/saiming96/laravel-convert-message-lowercase,saiming96,2021-04-16T07:09:20Z
358512555,https://github.com/tutepp/Module2_Lesson11_CheckAppear,tutepp,2021-04-16T07:24:47Z
358513185,https://github.com/LukeAdrianSillano/LUKE,LukeAdrianSillano,2021-04-16T07:27:03Z
358510172,https://github.com/RPL-Esemka-Mussi/Inventaris-nisrina-nabila,RPL-Esemka-Mussi,2021-04-16T07:15:47Z
358516116,https://github.com/rtgamingwdt/Vanish,rtgamingwdt,2021-04-16T07:38:27Z
358520010,https://github.com/NERO2204/AjaxDolgozat,NERO2204,2021-04-16T07:53:33Z
358517703,https://github.com/filippotoso/rasa-client,filippotoso,2021-04-16T07:44:26Z
358518384,https://github.com/davidalenoghena/basic_auth_page,davidalenoghena,2021-04-16T07:47:14Z
358519656,https://github.com/GloriaCovenant/ZuriTask5,GloriaCovenant,2021-04-16T07:52:09Z
358518556,https://github.com/axtx4869/share_pro,axtx4869,2021-04-16T07:47:55Z
358513964,https://github.com/Smit0209/Blog-Site,Smit0209,2021-04-16T07:30:12Z
358509327,https://github.com/DEV-ANSH-1121/google-chart,DEV-ANSH-1121,2021-04-16T07:12:30Z
358517451,https://github.com/rifkyy0171/basic,rifkyy0171,2021-04-16T07:43:29Z
358511307,https://github.com/Mocha1298/gec_ordering_system,Mocha1298,2021-04-16T07:20:11Z
358508273,https://github.com/aanu-el/php-tasks-zuri_training,aanu-el,2021-04-16T07:08:36Z
358509729,https://github.com/bytesystems/SettingsBundle,bytesystems,2021-04-16T07:14:02Z
358517665,https://github.com/keyben0/kevin00,keyben0,2021-04-16T07:44:15Z
358520000,https://github.com/mPrograms-mg/TSF_Bank,mPrograms-mg,2021-04-16T07:53:31Z
358520700,https://github.com/andreyskravchenko/gluzd,andreyskravchenko,2021-04-16T07:56:12Z
358518162,https://github.com/fatihi-ad/Depot-semaine-15,fatihi-ad,2021-04-16T07:46:22Z
358517374,https://github.com/alxcza/cuisine,alxcza,2021-04-16T07:43:14Z
358510006,https://github.com/thecodebunny/amazon-pa-api,thecodebunny,2021-04-16T07:15:10Z
358518440,https://github.com/akia-web/coursSymf,akia-web,2021-04-16T07:47:29Z
358517059,https://github.com/hephzibah-ibk/Log-in-Page,hephzibah-ibk,2021-04-16T07:41:56Z
358512388,https://github.com/alibabacloud-sdk-php/cdrs-20201101,alibabacloud-sdk-php,2021-04-16T07:24:09Z
358516992,https://github.com/Serovikov17/UralTorg,Serovikov17,2021-04-16T07:41:42Z
358510394,https://github.com/Moemen-Gaballah/realtime-laravel-comments-pusher,Moemen-Gaballah,2021-04-16T07:16:41Z
358511060,https://github.com/faizirrohman/ppdb-ke2,faizirrohman,2021-04-16T07:19:15Z
358506591,https://github.com/tutepp/Module2_Lesson11_CheckMinMax,tutepp,2021-04-16T07:02:09Z
358520954,https://github.com/Chadsomenezz/pagination,Chadsomenezz,2021-04-16T07:57:09Z
358507341,https://github.com/dkanare/ci-cd-project,dkanare,2021-04-16T07:05:03Z
358514744,https://github.com/shingo-suzumura/laravel_basic,shingo-suzumura,2021-04-16T07:33:07Z
358515633,https://github.com/hnphat/projectdocker,hnphat,2021-04-16T07:36:25Z
358512772,https://github.com/NikithaM26/patientCenteredInfoExchangeSystem,NikithaM26,2021-04-16T07:25:30Z
358508285,https://github.com/Jeong-Ho-Joon/php-borad,Jeong-Ho-Joon,2021-04-16T07:08:39Z
358515035,https://github.com/ntnam1993/PromotionShopwarePlugin,ntnam1993,2021-04-16T07:34:13Z
358520325,https://github.com/raulvaquero-lacasadelascarcasas/raulTarea5,raulvaquero-lacasadelascarcasas,2021-04-16T07:54:46Z
358514231,https://github.com/fadilmalik/ppdb2021,fadilmalik,2021-04-16T07:31:03Z
358509177,https://github.com/arslan40/magento,arslan40,2021-04-16T07:12:01Z
358510885,https://github.com/bandi949/Cafe-Management-System,bandi949,2021-04-16T07:18:30Z
358520325,https://github.com/raulvaquero-lacasadelascarcasas/raulTarea5,raulvaquero-lacasadelascarcasas,2021-04-16T07:54:46Z
358515347,https://github.com/Saisharan-24/Tourism-Superintendence,Saisharan-24,2021-04-16T07:35:20Z
358517090,https://github.com/javalle/pizzeria-laravel-vue,javalle,2021-04-16T07:42:02Z
358517266,https://github.com/HansAchinike/PHP_FORM,HansAchinike,2021-04-16T07:42:48Z
358521038,https://github.com/sakarious/NoQuery-App,sakarious,2021-04-16T07:57:32Z
358521145,https://github.com/hyperlab-be/laravel-pubsub-rabbitmq,hyperlab-be,2021-04-16T07:57:55Z
358512624,https://github.com/Kholifatulardhi08/Jobsheet10,Kholifatulardhi08,2021-04-16T07:25:02Z
358510082,https://github.com/konstantin-serb/menu-tree,konstantin-serb,2021-04-16T07:15:24Z
358509757,https://github.com/faniahafidtha/LatihanUKK-P2,faniahafidtha,2021-04-16T07:14:11Z
358513633,https://github.com/kylenurville/the-company-2,kylenurville,2021-04-16T07:28:55Z
358509656,https://github.com/KOJI-YAMABE/PHP_board,KOJI-YAMABE,2021-04-16T07:13:42Z
358516923,https://github.com/desod-vn/easy_cook-backend,desod-vn,2021-04-16T07:41:26Z