115288805,https://github.com/udacity/udacidrone,udacity,2017-12-24T21:49:10Z
115286935,https://github.com/ethgasstation/gasstation-express-oracle,ethgasstation,2017-12-24T21:02:33Z
115289006,https://github.com/gilbertfrancois/video-capture-async,gilbertfrancois,2017-12-24T21:54:54Z
115287328,https://github.com/vbrednikov/kthw-ansible,vbrednikov,2017-12-24T21:11:55Z
115287214,https://github.com/khamukkamu/HYW-1.66-Kham,khamukkamu,2017-12-24T21:09:29Z
115288634,https://github.com/rafegal/bot_telegram_webhook,rafegal,2017-12-24T21:44:56Z
115287837,https://github.com/danielhavir/baseline-convnet,danielhavir,2017-12-24T21:25:05Z
115286964,https://github.com/GuestGuri/Rootkit,GuestGuri,2017-12-24T21:03:16Z
115288206,https://github.com/JIECHENHarvardUniversity/Deep-Reinforcement-Learning-for-Robot-Navigation,JIECHENHarvardUniversity,2017-12-24T21:34:39Z
115286960,https://github.com/xomachine/RAIC2017-python,xomachine,2017-12-24T21:03:09Z
115286953,https://github.com/vikkcosta/morphophonology_optimality,vikkcosta,2017-12-24T21:02:57Z
115288255,https://github.com/tdene/Avery,tdene,2017-12-24T21:36:06Z
115287538,https://github.com/Lera-Z/Sherlock_bot,Lera-Z,2017-12-24T21:17:35Z
115287890,https://github.com/rzawu36/bsis,rzawu36,2017-12-24T21:26:00Z
115288785,https://github.com/JosephLGibson/Discord-Bot,JosephLGibson,2017-12-24T21:48:46Z
115288762,https://github.com/JiaEnChua/udacity_relational_db,JiaEnChua,2017-12-24T21:48:00Z
115287216,https://github.com/ewadkins/NNTrainer,ewadkins,2017-12-24T21:09:31Z
115287281,https://github.com/alexcodes/group-aggregator,alexcodes,2017-12-24T21:10:38Z
115287921,https://github.com/minhengwu123/practice,minhengwu123,2017-12-24T21:26:41Z
115287188,https://github.com/jallenNJ/RainfallData,jallenNJ,2017-12-24T21:08:53Z
115287590,https://github.com/mohamed195111/jarvis,mohamed195111,2017-12-24T21:18:45Z
115288178,https://github.com/gabrielfcdossantos/my-first-blog,gabrielfcdossantos,2017-12-24T21:33:42Z
115288980,https://github.com/VladislavRUS/nirs_python_descriptors,VladislavRUS,2017-12-24T21:54:09Z
115289076,https://github.com/alpstone/Data-structure-and-algorithms-using-Python,alpstone,2017-12-24T21:57:08Z
115287558,https://github.com/hoche/BookmarkCuller,hoche,2017-12-24T21:17:57Z
115287448,https://github.com/TownerK91/first_pyPet1,TownerK91,2017-12-24T21:15:09Z
115288356,https://github.com/1234567890-098765432123456789876543/network-sniffer,1234567890-098765432123456789876543,2017-12-24T21:38:37Z
115288585,https://github.com/n0rlant1s/Name-Generator,n0rlant1s,2017-12-24T21:43:46Z
115286942,https://github.com/felicity-iiith/deployconfig,felicity-iiith,2017-12-24T21:02:45Z
115289026,https://github.com/tymion/python_training,tymion,2017-12-24T21:55:31Z
115287382,https://github.com/idvornikov/news,idvornikov,2017-12-24T21:13:17Z
115287367,https://github.com/jallenNJ/EmirpCalculator,jallenNJ,2017-12-24T21:12:58Z
115288845,https://github.com/zenbert5/data_analytics,zenbert5,2017-12-24T21:50:12Z
115287773,https://github.com/alaamhassiba/network-project,alaamhassiba,2017-12-24T21:22:56Z
115287784,https://github.com/ElzbthGR/python_forum_chan,ElzbthGR,2017-12-24T21:23:18Z
115287193,https://github.com/keke18532/MarketMixingModels,keke18532,2017-12-24T21:09:02Z
115287310,https://github.com/jallenNJ/PeriodicTable,jallenNJ,2017-12-24T21:11:23Z
115286864,https://github.com/patruong/MEX_Thesis,patruong,2017-12-24T21:00:35Z
115288395,https://github.com/dasanjan1296/New2Python,dasanjan1296,2017-12-24T21:39:34Z
115288484,https://github.com/zackmacharia/webpageTestTool,zackmacharia,2017-12-24T21:41:22Z
115288656,https://github.com/ys1998/deep-learning-nlp,ys1998,2017-12-24T21:45:39Z
115289095,https://github.com/ImNotRoot/4chanTelegramBot,ImNotRoot,2017-12-24T21:57:54Z
115287770,https://github.com/djangotutor/blog2,djangotutor,2017-12-24T21:22:49Z
115288443,https://github.com/arguvos/ToDo-site,arguvos,2017-12-24T21:40:30Z
115288494,https://github.com/connorhamm/POE_Currency_Flipping,connorhamm,2017-12-24T21:41:34Z
115287152,https://github.com/akoskaaa/3debt,akoskaaa,2017-12-24T21:08:11Z
115286886,https://github.com/xiaodaxia2009/first_one_practise,xiaodaxia2009,2017-12-24T21:01:16Z
115288041,https://github.com/kazme-egawa/hotoke_pi,kazme-egawa,2017-12-24T21:30:10Z
115287435,https://github.com/Kipngetich33/Watchlist2,Kipngetich33,2017-12-24T21:14:53Z
115287298,https://github.com/dkcs017/progress_bar,dkcs017,2017-12-24T21:10:59Z
115287694,https://github.com/connorhamm/Youtube_Downloader,connorhamm,2017-12-24T21:21:02Z
115288859,https://github.com/zivatar/raspberry-timelapse,zivatar,2017-12-24T21:50:49Z
115288892,https://github.com/msuphap/Data_Scientist-Machine_Learning-Deep_Learning-Python-Pandas-NumPy,msuphap,2017-12-24T21:51:46Z
115287335,https://github.com/RaphaelMontet/HardChord,RaphaelMontet,2017-12-24T21:12:05Z
115288300,https://github.com/cassidyhhaas/NYC-Urban-Conditions,cassidyhhaas,2017-12-24T21:37:20Z
115286884,https://github.com/daviddliu/MakeAnki,daviddliu,2017-12-24T21:01:10Z
115287033,https://github.com/kjeffc/misc,kjeffc,2017-12-24T21:05:13Z
115288352,https://github.com/Samet-MohamedAmin/gps_classifier,Samet-MohamedAmin,2017-12-24T21:38:29Z
115287175,https://github.com/htp84/bloodsugar,htp84,2017-12-24T21:08:40Z