250979,https://github.com/ckhrysze/three-scapes,ckhrysze,2009-07-14T15:24:19Z