29293747,https://github.com/marceldegraaf/smartmeter,marceldegraaf,2015-01-15T11:09:15Z
29294177,https://github.com/queria/dmenu_hist,queria,2015-01-15T11:22:47Z
29293646,https://github.com/brynjarte/Sannty,brynjarte,2015-01-15T11:06:30Z