220468816,https://github.com/liuyishoua/sfkbbs,liuyishoua,2019-11-08T13:07:21Z
220473903,https://github.com/SHShuvo/Human-resource-management-system,SHShuvo,2019-11-08T13:36:51Z
220474602,https://github.com/lukpheakdey/Sample-PHP-OOP_MVC,lukpheakdey,2019-11-08T13:40:35Z
220475829,https://github.com/ohDaddyPlease/amoNG,ohDaddyPlease,2019-11-08T13:47:25Z
220476431,https://github.com/elizarp/php-mvc-exemplo,elizarp,2019-11-08T13:50:51Z
220468722,https://github.com/ajay-laxyo/RESTful-API-CRUD-On-Laravel-6,ajay-laxyo,2019-11-08T13:06:50Z
220475268,https://github.com/Abdallah189/Pc-Cleaner,Abdallah189,2019-11-08T13:44:06Z
220474345,https://github.com/luoluolzb/Lqf-Skeleton,luoluolzb,2019-11-08T13:39:17Z
220473448,https://github.com/Chempa/-iotlab,Chempa,2019-11-08T13:34:13Z
220476625,https://github.com/wqy88/71party,wqy88,2019-11-08T13:51:47Z
220468558,https://github.com/abhija77/blog,abhija77,2019-11-08T13:05:42Z
220477803,https://github.com/OleksandrProtsiuk/book-bot,OleksandrProtsiuk,2019-11-08T13:58:04Z
220473940,https://github.com/petrun/testWork,petrun,2019-11-08T13:37:03Z
220477995,https://github.com/adhiindra/KampusKu,adhiindra,2019-11-08T13:59:02Z
220469373,https://github.com/kozzak2610/mvc2,kozzak2610,2019-11-08T13:10:35Z
220474170,https://github.com/AkshayRsenal/DemoProj1,AkshayRsenal,2019-11-08T13:38:29Z
220477408,https://github.com/hossainrkb/Branch-software-Banking---company-name--upliftbd,hossainrkb,2019-11-08T13:55:55Z
220477492,https://github.com/VictorS02/pc_exer_lista,VictorS02,2019-11-08T13:56:24Z
220473146,https://github.com/leandreaci/filterable,leandreaci,2019-11-08T13:32:30Z
220474898,https://github.com/faisal7777/UTS,faisal7777,2019-11-08T13:42:10Z
220469021,https://github.com/pratikshad/rest_api_drupal8,pratikshad,2019-11-08T13:08:34Z
220470190,https://github.com/MatusVrsansky/diploma-thesis,MatusVrsansky,2019-11-08T13:15:09Z
220473215,https://github.com/kabirkhyrul/LVSPA,kabirkhyrul,2019-11-08T13:32:52Z
220476111,https://github.com/ptolomy/siliconHeaven,ptolomy,2019-11-08T13:49:00Z
220475744,https://github.com/gadezist/weather,gadezist,2019-11-08T13:46:57Z
220470036,https://github.com/figueiredo-uideveloper/wpcurso,figueiredo-uideveloper,2019-11-08T13:14:14Z
220475505,https://github.com/IvanDodig/MostarNekretnine,IvanDodig,2019-11-08T13:45:30Z
220477177,https://github.com/misaruto/Projeto,misaruto,2019-11-08T13:54:40Z
220474220,https://github.com/tadulis/db_post_get_update_delete,tadulis,2019-11-08T13:38:46Z
220470733,https://github.com/Les-Powers-Rangers/gitDico,Les-Powers-Rangers,2019-11-08T13:18:21Z
220469238,https://github.com/bergo-bioinfo/pivot_report,bergo-bioinfo,2019-11-08T13:09:48Z
220470382,https://github.com/dzravinder/Music-Streaming,dzravinder,2019-11-08T13:16:34Z
220475832,https://github.com/HydroSnow/Wankul-Site,HydroSnow,2019-11-08T13:47:26Z
220475073,https://github.com/StajkovskaAndrijana/PetFinderProject,StajkovskaAndrijana,2019-11-08T13:43:04Z
220473392,https://github.com/thedude23/CRUD,thedude23,2019-11-08T13:33:58Z
220468626,https://github.com/SindWrx/Abelohost_test,SindWrx,2019-11-08T13:06:07Z
220476094,https://github.com/CristhianNina/Proyecto-Laravel-5.3,CristhianNina,2019-11-08T13:48:53Z
220476762,https://github.com/Jean-archibald/symfonyProjet5,Jean-archibald,2019-11-08T13:52:28Z
220470378,https://github.com/enovision/october-cms-intervention,enovision,2019-11-08T13:16:30Z
220468313,https://github.com/elgizsoltanov/test-repo2,elgizsoltanov,2019-11-08T13:04:20Z
220476415,https://github.com/hikarocordeiro/php-http-api,hikarocordeiro,2019-11-08T13:50:46Z
220471945,https://github.com/ryasnoy05/example,ryasnoy05,2019-11-08T13:25:21Z
220474646,https://github.com/jeromecombes/plb_tools,jeromecombes,2019-11-08T13:40:50Z
220475087,https://github.com/leerxing/mszuoye,leerxing,2019-11-08T13:43:08Z
220473404,https://github.com/dynamonet/orm,dynamonet,2019-11-08T13:34:01Z
220473552,https://github.com/revathiks/nodejs,revathiks,2019-11-08T13:34:47Z
220469735,https://github.com/Wearelehgion/00saadchaudhry.github.io-,Wearelehgion,2019-11-08T13:12:35Z
220477579,https://github.com/joseL32/backend-3,joseL32,2019-11-08T13:56:48Z
220475004,https://github.com/Miillz93/contact-app-Laravel,Miillz93,2019-11-08T13:42:44Z
220477857,https://github.com/Abdallah189/Dev-Academy,Abdallah189,2019-11-08T13:58:22Z
220468218,https://github.com/aleksandrPustovit/laravelTDD,aleksandrPustovit,2019-11-08T13:03:55Z
220476875,https://github.com/ProjectsPersonalJJ/pedidos,ProjectsPersonalJJ,2019-11-08T13:53:00Z
220476125,https://github.com/NatiNW/ProyectoCafeDHLaravel,NatiNW,2019-11-08T13:49:05Z
220473548,https://github.com/Christian-Mb/symfony,Christian-Mb,2019-11-08T13:34:45Z
220473756,https://github.com/jacobjanwoord/symfony-4-contactform,jacobjanwoord,2019-11-08T13:35:58Z
220473467,https://github.com/drnrotaru/homework,drnrotaru,2019-11-08T13:34:22Z
220475547,https://github.com/FelipeMVTSiqueira/instaFake,FelipeMVTSiqueira,2019-11-08T13:45:43Z
220471804,https://github.com/kostyagls/projectStructure,kostyagls,2019-11-08T13:24:34Z
220468348,https://github.com/enekocuesta/kmmStreamingSite,enekocuesta,2019-11-08T13:04:30Z
220468421,https://github.com/iesoretania-dic/ej_doctrine,iesoretania-dic,2019-11-08T13:04:54Z
220472781,https://github.com/oluwatosinolamilekan/Zercom-system-Test,oluwatosinolamilekan,2019-11-08T13:30:17Z
220475401,https://github.com/hossainrkb/Showroom-Softwate-backend--laravel-frontend--react-,hossainrkb,2019-11-08T13:44:52Z
220477288,https://github.com/AndreiMarchenko/Test,AndreiMarchenko,2019-11-08T13:55:16Z
220478048,https://github.com/arunalone/webgalaxy,arunalone,2019-11-08T13:59:18Z
220478054,https://github.com/Altemode/Laravel-IS-App,Altemode,2019-11-08T13:59:19Z
220476403,https://github.com/iamsaint/yii2-roadrunner,iamsaint,2019-11-08T13:50:42Z