7047510,https://github.com/nkitchen/rosalind,nkitchen,2012-12-07T04:07:09Z
7047895,https://github.com/kdar/iphonesms,kdar,2012-12-07T04:47:40Z