134766136,https://github.com/boyuanf/DeepQLearning,boyuanf,2018-05-24T20:36:41Z
134765768,https://github.com/shuoyangd/hoolock,shuoyangd,2018-05-24T20:33:13Z
134764076,https://github.com/cedriczirtacic/malware_analysis,cedriczirtacic,2018-05-24T20:14:07Z
134766937,https://github.com/YusufLiu/FeatureSelection,YusufLiu,2018-05-24T20:44:42Z
134763458,https://github.com/computational-metabolomics/django-mbrowse,computational-metabolomics,2018-05-24T20:07:30Z
134763405,https://github.com/jianboli/HyperGo,jianboli,2018-05-24T20:06:45Z
134764548,https://github.com/ckirov/RevisitPinkerAndPrince,ckirov,2018-05-24T20:19:43Z
134764410,https://github.com/tentenlee100/showroom-auto-star,tentenlee100,2018-05-24T20:17:58Z
134767738,https://github.com/alexanderqchen/hangman,alexanderqchen,2018-05-24T20:52:51Z
134765968,https://github.com/buckl113/Insight,buckl113,2018-05-24T20:35:17Z
134766046,https://github.com/grenok/BA-thesis-code,grenok,2018-05-24T20:35:52Z
134764568,https://github.com/raoljirushabh/K-Means-Algorithm,raoljirushabh,2018-05-24T20:19:58Z
134764610,https://github.com/TPetty714/ElGamal-encryption-System,TPetty714,2018-05-24T20:20:21Z
134763316,https://github.com/umitanuki/easyalgo,umitanuki,2018-05-24T20:05:43Z
134764836,https://github.com/dcl67/SmartCanAPI,dcl67,2018-05-24T20:22:55Z
134763244,https://github.com/hkdb/iDensify,hkdb,2018-05-24T20:04:49Z
134766516,https://github.com/ShinyCode/handfree,ShinyCode,2018-05-24T20:40:36Z
134764330,https://github.com/Borwe/PythonSpeedTests,Borwe,2018-05-24T20:16:55Z
134768080,https://github.com/christopherfr/conflict-indicator_tasa-challenge,christopherfr,2018-05-24T20:57:03Z
134766542,https://github.com/nedlrichards/zoidberg_nav,nedlrichards,2018-05-24T20:40:55Z
134765513,https://github.com/ratansingh98/Twitter-Sentiment-Analyser,ratansingh98,2018-05-24T20:30:31Z
134765162,https://github.com/omikader/flag-gan,omikader,2018-05-24T20:26:50Z
134762929,https://github.com/computational-metabolomics/django-mogi,computational-metabolomics,2018-05-24T20:01:28Z
134767014,https://github.com/KeoniGarner/Login-And-Registration,KeoniGarner,2018-05-24T20:45:32Z
134765342,https://github.com/SzymoRatajczak/Sockets_and_Clients,SzymoRatajczak,2018-05-24T20:28:50Z
134767245,https://github.com/KeoniGarner/Amadon,KeoniGarner,2018-05-24T20:47:43Z
134768320,https://github.com/viggates/MLSpamFilter,viggates,2018-05-24T20:59:50Z
134764859,https://github.com/bellachp/django-tut0,bellachp,2018-05-24T20:23:11Z
134763390,https://github.com/moshushi/Flask-blog,moshushi,2018-05-24T20:06:36Z
134764875,https://github.com/mhourani/homework2,mhourani,2018-05-24T20:23:26Z
134765863,https://github.com/mlandriau/bgf,mlandriau,2018-05-24T20:34:23Z
134764332,https://github.com/young-lu/young_blog,young-lu,2018-05-24T20:16:56Z
134768064,https://github.com/pythonflaskserverapps/helloworld,pythonflaskserverapps,2018-05-24T20:56:54Z
134768091,https://github.com/andrebmds/TrackML-Particle-Tracking-Challenge,andrebmds,2018-05-24T20:57:13Z
134767675,https://github.com/KeoniGarner/Session-Words,KeoniGarner,2018-05-24T20:52:09Z
134766244,https://github.com/CSA-KLM/Cinema-Final-Project,CSA-KLM,2018-05-24T20:37:49Z
134763954,https://github.com/bitaan/Number-guessing-game,bitaan,2018-05-24T20:12:53Z
134763275,https://github.com/bitaan/password_generator,bitaan,2018-05-24T20:05:08Z
134763734,https://github.com/Pinecone2/akbar,Pinecone2,2018-05-24T20:10:41Z
134766969,https://github.com/pushpython/snakebyte,pushpython,2018-05-24T20:45:03Z
134768169,https://github.com/eligantRU/DataScience,eligantRU,2018-05-24T20:58:14Z
134766531,https://github.com/KeoniGarner/Intermediate-Algorithms-in-Python,KeoniGarner,2018-05-24T20:40:50Z
134767373,https://github.com/KeoniGarner/Courses,KeoniGarner,2018-05-24T20:48:55Z
134765165,https://github.com/mayank-sisodiya/Convolution-neural-netowrk,mayank-sisodiya,2018-05-24T20:26:51Z
134766663,https://github.com/patrickvonplaten/AdvancedAutomaticSpeechRecognition,patrickvonplaten,2018-05-24T20:42:05Z
134767559,https://github.com/KeoniGarner/Ninja-Gold,KeoniGarner,2018-05-24T20:50:42Z
134766421,https://github.com/KeoniGarner/Python-OOP,KeoniGarner,2018-05-24T20:39:42Z
134766868,https://github.com/LawrenceMoruye/mediaplayer,LawrenceMoruye,2018-05-24T20:44:04Z
134766962,https://github.com/reddit-habs/prospects-viewer,reddit-habs,2018-05-24T20:44:59Z
134767177,https://github.com/rsumner33/firewall,rsumner33,2018-05-24T20:47:07Z
134763122,https://github.com/Fluffhead88/blackjack,Fluffhead88,2018-05-24T20:03:33Z
134763873,https://github.com/32-52/VDS,32-52,2018-05-24T20:12:07Z
134766086,https://github.com/LBrinkmann/map_network_science,LBrinkmann,2018-05-24T20:36:11Z
134764510,https://github.com/sxhmilyoyo/Rudetect27,sxhmilyoyo,2018-05-24T20:19:10Z
134762942,https://github.com/rockbox252/login_signup,rockbox252,2018-05-24T20:01:38Z
134768004,https://github.com/davejimison/promethean,davejimison,2018-05-24T20:56:00Z
134767746,https://github.com/KeoniGarner/Time-Display,KeoniGarner,2018-05-24T20:52:53Z
134767865,https://github.com/originaloregano/FlaskAPI,originaloregano,2018-05-24T20:54:17Z
134768307,https://github.com/VioletIzHere/mongodb_app,VioletIzHere,2018-05-24T20:59:42Z
134764456,https://github.com/kpedrozag/ParcialFinalIngSoftware1,kpedrozag,2018-05-24T20:18:31Z
134764474,https://github.com/lfsantosgeo/ConvertTiff2Jpg,lfsantosgeo,2018-05-24T20:18:46Z
134764495,https://github.com/theostoican/bachelor-thesis,theostoican,2018-05-24T20:19:02Z
134763399,https://github.com/n3twk/offensive-python-simple,n3twk,2018-05-24T20:06:43Z
134766789,https://github.com/dimohammed328/deezLoaderScript,dimohammed328,2018-05-24T20:43:22Z
134764850,https://github.com/leoschet/data-decomposition,leoschet,2018-05-24T20:23:02Z
134764037,https://github.com/rahuljantwal/DataEngineeringCourse,rahuljantwal,2018-05-24T20:13:49Z
134762873,https://github.com/dl4184/TOP_CLASS,dl4184,2018-05-24T20:01:01Z
134763862,https://github.com/ndaman/moritanaka,ndaman,2018-05-24T20:11:57Z
134763495,https://github.com/tetrica/Projeto_Manga_Rosa,tetrica,2018-05-24T20:07:56Z
134767674,https://github.com/artbotline/Art_selfbot4,artbotline,2018-05-24T20:52:09Z
134765385,https://github.com/maiaPhilippe/auth_api,maiaPhilippe,2018-05-24T20:29:15Z
134767446,https://github.com/KeoniGarner/Django-Users,KeoniGarner,2018-05-24T20:49:41Z
134766698,https://github.com/henrychen0220/Python-Search-Engine,henrychen0220,2018-05-24T20:42:25Z
134763625,https://github.com/Agassy/jacoin,Agassy,2018-05-24T20:09:30Z
134764356,https://github.com/mrfaulkner/python-exercises,mrfaulkner,2018-05-24T20:17:16Z
134765677,https://github.com/Project4Dimensions/pyBookmarks,Project4Dimensions,2018-05-24T20:32:11Z
134764292,https://github.com/rsumner33/Password-Recovery-using-Python,rsumner33,2018-05-24T20:16:24Z
134766081,https://github.com/artemrogov/python_flask_simple,artemrogov,2018-05-24T20:36:09Z
134765294,https://github.com/rockbox252/djangogirlsblog,rockbox252,2018-05-24T20:28:23Z
134765316,https://github.com/mandl/motion,mandl,2018-05-24T20:28:32Z
134766471,https://github.com/KeoniGarner/Python-TDD,KeoniGarner,2018-05-24T20:40:12Z
134766705,https://github.com/qing-du/optimization-Material-Criticality,qing-du,2018-05-24T20:42:29Z
134767132,https://github.com/briemens/vim-toggle-bool,briemens,2018-05-24T20:46:39Z
134767612,https://github.com/pgrabusz/weather-for-raspberry-and-eink-display,pgrabusz,2018-05-24T20:51:21Z
134766365,https://github.com/reyespinosa3/xotic-car-finder,reyespinosa3,2018-05-24T20:39:07Z
134764443,https://github.com/elebouder/data_scripts,elebouder,2018-05-24T20:18:18Z
134764484,https://github.com/taironcoelho/Restaurant,taironcoelho,2018-05-24T20:18:57Z
134765876,https://github.com/Blaidej/SPC.Python,Blaidej,2018-05-24T20:34:28Z
134765882,https://github.com/jmeliodas96/Updated-Data-Bases-Over-The-Air,jmeliodas96,2018-05-24T20:34:30Z
134764031,https://github.com/k-alexey/pycalc,k-alexey,2018-05-24T20:13:47Z
134763385,https://github.com/regmishailendra/apitry,regmishailendra,2018-05-24T20:06:32Z
134762818,https://github.com/Jackmastr/cuda_sandbox,Jackmastr,2018-05-24T20:00:25Z
134763016,https://github.com/tylerwight/Py-Scripts,tylerwight,2018-05-24T20:02:25Z
134763077,https://github.com/calcbench/test_azure_function,calcbench,2018-05-24T20:03:05Z
134765478,https://github.com/WojciechSalapatek/Tanks,WojciechSalapatek,2018-05-24T20:30:15Z
134765525,https://github.com/gibeautc/pyFace,gibeautc,2018-05-24T20:30:38Z
134767842,https://github.com/oozemon/coursework,oozemon,2018-05-24T20:53:59Z
134767066,https://github.com/sharifa2708/day4_learnPython,sharifa2708,2018-05-24T20:46:02Z
134762862,https://github.com/yuvalbiton/cyberproject,yuvalbiton,2018-05-24T20:00:50Z
134762867,https://github.com/Motorscooter/VideoCreator,Motorscooter,2018-05-24T20:00:54Z
134765260,https://github.com/desurus/restaport,desurus,2018-05-24T20:27:59Z
134766242,https://github.com/kylelindgren/Depth-GANing,kylelindgren,2018-05-24T20:37:48Z
134767131,https://github.com/KeoniGarner/Flask-Users,KeoniGarner,2018-05-24T20:46:39Z
134768289,https://github.com/alexandrbektashev/YandexSpeechKITexample,alexandrbektashev,2018-05-24T20:59:29Z
134763417,https://github.com/jartigag/SQLinit,jartigag,2018-05-24T20:06:56Z
134763740,https://github.com/nshathish/flask-lab2,nshathish,2018-05-24T20:10:44Z
134764453,https://github.com/rsumner33/DAGoogleChromePasswordRecovery,rsumner33,2018-05-24T20:18:30Z
134764821,https://github.com/javicond3/mininetVPLS,javicond3,2018-05-24T20:22:44Z
134766545,https://github.com/Anacomb/python-projects,Anacomb,2018-05-24T20:40:56Z
134766947,https://github.com/KeoniGarner/Email-Validation,KeoniGarner,2018-05-24T20:44:48Z
134768158,https://github.com/wgalleti/pythonPro,wgalleti,2018-05-24T20:58:05Z
134766353,https://github.com/rcbops/molecule-openstack-ops,rcbops,2018-05-24T20:38:57Z
134767122,https://github.com/CSA-JCL/Final-project,CSA-JCL,2018-05-24T20:46:34Z
134765328,https://github.com/crowdbotics-users/anandcoolproject8,crowdbotics-users,2018-05-24T20:28:41Z
134765355,https://github.com/BrennanButler/Django-social-network,BrennanButler,2018-05-24T20:28:56Z
134763511,https://github.com/cros410/Gino,cros410,2018-05-24T20:08:14Z
134766357,https://github.com/gioflores24/ProjectFluffCutter,gioflores24,2018-05-24T20:39:02Z
134765242,https://github.com/patmha/CiTOCrawler,patmha,2018-05-24T20:27:46Z
134766659,https://github.com/kevin5naug/summer_project,kevin5naug,2018-05-24T20:42:02Z
134763277,https://github.com/abdelmun3m/OnlineExam,abdelmun3m,2018-05-24T20:05:08Z
134765523,https://github.com/astrojneil/AllanVarCodeFinal,astrojneil,2018-05-24T20:30:36Z
134766847,https://github.com/choi-calvin/Eyetracking-Resampling,choi-calvin,2018-05-24T20:43:53Z
134763105,https://github.com/iamvkiran/Work,iamvkiran,2018-05-24T20:03:24Z
134767687,https://github.com/Japapino/spaceInvaders,Japapino,2018-05-24T20:52:15Z
134767048,https://github.com/KeoniGarner/The-Wall,KeoniGarner,2018-05-24T20:45:52Z
134765271,https://github.com/seaneberhard/statement-scrape,seaneberhard,2018-05-24T20:28:07Z
134765308,https://github.com/rvanoo/mlb-stats,rvanoo,2018-05-24T20:28:30Z
134764537,https://github.com/KobemonTeam/Kobemon,KobemonTeam,2018-05-24T20:19:34Z
134766157,https://github.com/iamanam/my_googletrans,iamanam,2018-05-24T20:36:51Z
134766804,https://github.com/ferdavid1/BrainPan,ferdavid1,2018-05-24T20:43:31Z
134765661,https://github.com/zackliuzm/dal-cs5408,zackliuzm,2018-05-24T20:31:59Z
134767012,https://github.com/GrantBrown1994/DataStructuresPython,GrantBrown1994,2018-05-24T20:45:30Z
134767626,https://github.com/KeoniGarner/Random-Word-Generator,KeoniGarner,2018-05-24T20:51:27Z
134766370,https://github.com/KeoniGarner/Python-Fundamentals,KeoniGarner,2018-05-24T20:39:09Z
134765490,https://github.com/gtw2/pyre,gtw2,2018-05-24T20:30:20Z
134764732,https://github.com/ahsanhabib98/phone-verification,ahsanhabib98,2018-05-24T20:21:44Z
134765206,https://github.com/Dofreeshare/Profiler,Dofreeshare,2018-05-24T20:27:20Z
134767398,https://github.com/bbrayzier/orbital-mcs,bbrayzier,2018-05-24T20:49:10Z
134766598,https://github.com/srowhani/hopfield-network,srowhani,2018-05-24T20:41:28Z
134766771,https://github.com/SamiraMGolsefid/example,SamiraMGolsefid,2018-05-24T20:43:08Z
134765343,https://github.com/NeshMx/handwriting-analysis,NeshMx,2018-05-24T20:28:51Z
134767517,https://github.com/KeoniGarner/Dojo-Ninjas,KeoniGarner,2018-05-24T20:50:21Z
134766512,https://github.com/maiaPhilippe/base_B_api,maiaPhilippe,2018-05-24T20:40:34Z
134764536,https://github.com/toosuto-r/trains,toosuto-r,2018-05-24T20:19:32Z
134766194,https://github.com/lscianni/pylisten,lscianni,2018-05-24T20:37:16Z
134763345,https://github.com/michaelc231/FinalProject,michaelc231,2018-05-24T20:05:59Z
134764250,https://github.com/zakikhani/test,zakikhani,2018-05-24T20:15:52Z
134768178,https://github.com/Brettpow/Lambda,Brettpow,2018-05-24T20:58:18Z
134766085,https://github.com/jsstevenson/canvas_toc_gen,jsstevenson,2018-05-24T20:36:11Z
134766877,https://github.com/KeoniGarner/Registration-Form,KeoniGarner,2018-05-24T20:44:14Z
134766888,https://github.com/shashankkotturi/network_config,shashankkotturi,2018-05-24T20:44:20Z
134766913,https://github.com/golgoth/visualizer,golgoth,2018-05-24T20:44:30Z
134766977,https://github.com/KeoniGarner/Full-Friends,KeoniGarner,2018-05-24T20:45:07Z
134768138,https://github.com/viggates/MLReviewAnalyzer,viggates,2018-05-24T20:57:54Z
134767648,https://github.com/KeoniGarner/Semi-RESTful-Users,KeoniGarner,2018-05-24T20:51:47Z
134767000,https://github.com/harris-ippp/s18-a09-solutions,harris-ippp,2018-05-24T20:45:25Z
134765914,https://github.com/luanguimaraesla/gabby,luanguimaraesla,2018-05-24T20:34:49Z
134766434,https://github.com/thetrick/firstproject,thetrick,2018-05-24T20:39:52Z
134763214,https://github.com/tkrejzlik/Skola,tkrejzlik,2018-05-24T20:04:32Z
134764178,https://github.com/lscianni/get_ad_info,lscianni,2018-05-24T20:15:07Z
134767270,https://github.com/CSA-RJU/MC-Originals,CSA-RJU,2018-05-24T20:47:58Z
134767951,https://github.com/lucianoratamero/django_request_flow,lucianoratamero,2018-05-24T20:55:22Z
134767585,https://github.com/michelepeixoto/HackerRank,michelepeixoto,2018-05-24T20:50:59Z
134767829,https://github.com/gharam37/Employee-Database,gharam37,2018-05-24T20:53:51Z
134766356,https://github.com/RomanArtemenko/lesson06,RomanArtemenko,2018-05-24T20:39:00Z
134766376,https://github.com/CSA-KH/Final-project-Battleship,CSA-KH,2018-05-24T20:39:13Z