287797762,https://github.com/configuroweb/matriculas,configuroweb,2020-08-15T17:54:32Z
287798433,https://github.com/Foysalious/multiAuth,Foysalious,2020-08-15T17:58:45Z
287794288,https://github.com/andreea96/docker-php,andreea96,2020-08-15T17:32:24Z
287795418,https://github.com/danielfalcaodf/loginmvc,danielfalcaodf,2020-08-15T17:39:16Z
287797379,https://github.com/codeFarmerJ/Online-Bookmarks,codeFarmerJ,2020-08-15T17:51:51Z
287793222,https://github.com/ffadilaputra/learn,ffadilaputra,2020-08-15T17:25:36Z
287793108,https://github.com/mgilkes/easyfolderlisting,mgilkes,2020-08-15T17:24:54Z
287789946,https://github.com/Soloviev2642a/productInfoAPI,Soloviev2642a,2020-08-15T17:05:35Z
287792745,https://github.com/jakarezinho/ecohouse,jakarezinho,2020-08-15T17:22:34Z
287794576,https://github.com/la-dulceria/sugar,la-dulceria,2020-08-15T17:34:14Z
287790870,https://github.com/Ashot219/mvc_project,Ashot219,2020-08-15T17:10:35Z
287794958,https://github.com/sendreto/php-pdo-projeto,sendreto,2020-08-15T17:36:26Z
287790854,https://github.com/cwrren/oneindex,cwrren,2020-08-15T17:10:30Z
287795341,https://github.com/yuricha/prueba,yuricha,2020-08-15T17:38:42Z
287792030,https://github.com/vmittal05/CampusConnect,vmittal05,2020-08-15T17:18:04Z
287790639,https://github.com/niamurndc/liapp,niamurndc,2020-08-15T17:09:19Z
287789936,https://github.com/pp9009/line-bot-3minute-music,pp9009,2020-08-15T17:05:30Z
287791762,https://github.com/Piyushdwivedi2580/foody,Piyushdwivedi2580,2020-08-15T17:16:16Z
287796600,https://github.com/lakmalsamarakkody/MyWeb,lakmalsamarakkody,2020-08-15T17:46:40Z
287790249,https://github.com/candrika/api_wijaya_farma,candrika,2020-08-15T17:07:13Z
287791213,https://github.com/alexrmsouza/shippings,alexrmsouza,2020-08-15T17:12:46Z
287791307,https://github.com/co2093/freecodecamp,co2093,2020-08-15T17:13:22Z
287790900,https://github.com/zaher83/challenge2,zaher83,2020-08-15T17:10:47Z
287791527,https://github.com/enginoobz-projects/new-twitter,enginoobz-projects,2020-08-15T17:15:01Z
287792789,https://github.com/nahidkishore/Job-searching,nahidkishore,2020-08-15T17:22:51Z
287796484,https://github.com/Sharon-das/Web-Assignment-3,Sharon-das,2020-08-15T17:45:50Z
287793120,https://github.com/bblori/Blacklist-based-geolocation-in-php,bblori,2020-08-15T17:24:59Z
287788988,https://github.com/sonalsingh19/My-E-Web-store,sonalsingh19,2020-08-15T17:00:09Z
287791249,https://github.com/hapo-nghialuu/hapo-laravel-clone,hapo-nghialuu,2020-08-15T17:13:00Z
287796988,https://github.com/triest/laravel_backup_databse,triest,2020-08-15T17:49:19Z
287790970,https://github.com/HasanHero1/php-crud-procedural,HasanHero1,2020-08-15T17:11:14Z
287791002,https://github.com/m0stafa7med/Viewerz,m0stafa7med,2020-08-15T17:11:24Z
287793703,https://github.com/danishiftikhar92/nmktask,danishiftikhar92,2020-08-15T17:28:40Z
287791412,https://github.com/Hieubui1312/learning-jenkin,Hieubui1312,2020-08-15T17:14:02Z
287792559,https://github.com/venkateshkamath/vyapar,venkateshkamath,2020-08-15T17:21:22Z
287790184,https://github.com/ddeimantass/Bet,ddeimantass,2020-08-15T17:06:55Z
287798197,https://github.com/Husky20/Generetor_CV,Husky20,2020-08-15T17:57:09Z
287796691,https://github.com/tauhidaimam03/wesite,tauhidaimam03,2020-08-15T17:47:14Z
287794024,https://github.com/andreaskosten/php_examples,andreaskosten,2020-08-15T17:30:45Z
287790275,https://github.com/cspockrun11/studentpickup,cspockrun11,2020-08-15T17:07:20Z
287793822,https://github.com/Foysal6862/bigstore,Foysal6862,2020-08-15T17:29:32Z
287798595,https://github.com/TazoArT-27/PHP_Practice,TazoArT-27,2020-08-15T17:59:48Z
287796403,https://github.com/firesworder/DemoRestApi,firesworder,2020-08-15T17:45:25Z