62946268,https://github.com/jeeftor/alfredToday,jeeftor,2016-07-09T11:23:55Z
62947098,https://github.com/3ZY/Job_recommendation,3ZY,2016-07-09T11:49:52Z
62946110,https://github.com/obgm/smart-button,obgm,2016-07-09T11:18:51Z
62946130,https://github.com/mt-digital/iatv,mt-digital,2016-07-09T11:19:44Z
62946046,https://github.com/onejgordon/cloud-memory,onejgordon,2016-07-09T11:16:35Z
62947238,https://github.com/gitcollect/aegg,gitcollect,2016-07-09T11:53:39Z
62946815,https://github.com/camphor-tokyo/attendance,camphor-tokyo,2016-07-09T11:41:15Z
62946462,https://github.com/nephilim-solutions/dict-validator,nephilim-solutions,2016-07-09T11:29:19Z
62945916,https://github.com/noedigcode/mididings,noedigcode,2016-07-09T11:12:30Z
62946774,https://github.com/daviddavo/InvProy,daviddavo,2016-07-09T11:40:01Z
62946288,https://github.com/YuriyTimoshenkov/FlightSearcher,YuriyTimoshenkov,2016-07-09T11:24:34Z
62945879,https://github.com/gunpreet4/demo,gunpreet4,2016-07-09T11:11:25Z
62945981,https://github.com/sxnwlfkk/evernote-batch-download,sxnwlfkk,2016-07-09T11:14:28Z
62946356,https://github.com/code-haven/python-ndnc,code-haven,2016-07-09T11:26:44Z
62946631,https://github.com/dinaflox/python0716,dinaflox,2016-07-09T11:35:38Z
62945652,https://github.com/ellull/enigmarius-bot,ellull,2016-07-09T11:04:51Z
62945819,https://github.com/liufuyang/twitter_tesla,liufuyang,2016-07-09T11:09:33Z
62947434,https://github.com/kuanghy/pps,kuanghy,2016-07-09T11:59:16Z
62946281,https://github.com/qwyqqcy/15S103178,qwyqqcy,2016-07-09T11:24:22Z
62946480,https://github.com/julianzaugg/Compare_Compounds,julianzaugg,2016-07-09T11:29:49Z
62946511,https://github.com/pandakot/crawlers,pandakot,2016-07-09T11:30:57Z
62947373,https://github.com/ddahan/wagtail-sandbox,ddahan,2016-07-09T11:57:29Z
62947112,https://github.com/udduu/demo,udduu,2016-07-09T11:50:17Z
62947097,https://github.com/ejmi/xo,ejmi,2016-07-09T11:49:52Z
62945842,https://github.com/lachloan/Simpleily-Shapeily,lachloan,2016-07-09T11:10:10Z
62946349,https://github.com/FredrikUlvin/pietifier,FredrikUlvin,2016-07-09T11:26:24Z
62947065,https://github.com/bimberi/my-first-blog,bimberi,2016-07-09T11:48:54Z
62946149,https://github.com/diogocduarte/insensitive_login,diogocduarte,2016-07-09T11:20:18Z
62945733,https://github.com/c1rno/MorsePingMessenger,c1rno,2016-07-09T11:07:06Z
62946035,https://github.com/harshdavey/ubuntu-gi-pi,harshdavey,2016-07-09T11:16:16Z