47106246,https://github.com/anttiviljami/woocommerce-facebook-conversion-pixel,anttiviljami,2015-11-30T08:50:13Z
47105756,https://github.com/tiipiik/oc-catalog,tiipiik,2015-11-30T08:41:31Z
47105939,https://github.com/Projekod/Bulutfon-Opencart-Eklentisi,Projekod,2015-11-30T08:44:51Z
47105941,https://github.com/simkimsia/stream-cakephp,simkimsia,2015-11-30T08:44:57Z
47106384,https://github.com/huangch2014/wx_pay_sdk,huangch2014,2015-11-30T08:53:03Z
47105520,https://github.com/tahiriqbalnajam/openpos_bootstrap,tahiriqbalnajam,2015-11-30T08:37:13Z
47104078,https://github.com/MCPH/UltimatePvP,MCPH,2015-11-30T08:07:08Z
47104036,https://github.com/mmenozzi/module-sample-page,mmenozzi,2015-11-30T08:06:15Z
47103990,https://github.com/BuddyForms/BuddyForms-Remote,BuddyForms,2015-11-30T08:05:12Z
47105580,https://github.com/x-soft-ua/xAdServer,x-soft-ua,2015-11-30T08:38:20Z
47105757,https://github.com/radu-andrei-28/Hierarchy,radu-andrei-28,2015-11-30T08:41:37Z
47106250,https://github.com/derpixler/register-custom-posttype,derpixler,2015-11-30T08:50:18Z
47105257,https://github.com/middkidd/fitl-app-basic,middkidd,2015-11-30T08:32:18Z
47105344,https://github.com/KevinAlberca/Fil-Rouge,KevinAlberca,2015-11-30T08:34:08Z
47105434,https://github.com/adevelopers/base,adevelopers,2015-11-30T08:35:35Z
47106094,https://github.com/ilgd/thinkphp,ilgd,2015-11-30T08:47:45Z
47106617,https://github.com/Y-WeCode/RemoteEntityManager,Y-WeCode,2015-11-30T08:57:41Z
47105786,https://github.com/Mifort/wpplagin.loc,Mifort,2015-11-30T08:42:20Z
47105519,https://github.com/kbnestor/aladdin_gh1_deploytest,kbnestor,2015-11-30T08:37:12Z
47103984,https://github.com/cosmow/SonataDoctrineRiakAdminBundle,cosmow,2015-11-30T08:05:06Z
47106269,https://github.com/x-soft-ua/xScanner,x-soft-ua,2015-11-30T08:50:47Z
47105901,https://github.com/codehaiku/dunhakdis-utility,codehaiku,2015-11-30T08:44:08Z
47105197,https://github.com/Norrlandsit/reservations_git,Norrlandsit,2015-11-30T08:31:20Z
47104845,https://github.com/manojwoxi/sms,manojwoxi,2015-11-30T08:23:43Z
47105366,https://github.com/QuintoCursore/Prova1234,QuintoCursore,2015-11-30T08:34:29Z
47104309,https://github.com/kishoreraja240/time-table,kishoreraja240,2015-11-30T08:12:19Z
47104273,https://github.com/Silverquest-Consulting/SPGitHub,Silverquest-Consulting,2015-11-30T08:11:29Z
47104284,https://github.com/4cylinder/candystore,4cylinder,2015-11-30T08:11:46Z
47105944,https://github.com/Y-WeCode/JQueryUIWidgets,Y-WeCode,2015-11-30T08:44:59Z
47104853,https://github.com/PeteJStewart/tinkr.org.uk,PeteJStewart,2015-11-30T08:23:58Z
47106432,https://github.com/supermt/mid,supermt,2015-11-30T08:54:00Z
47105694,https://github.com/khk0613/php-homework-real-real,khk0613,2015-11-30T08:40:24Z
47106484,https://github.com/fahad-hasan/packman,fahad-hasan,2015-11-30T08:55:04Z
47106305,https://github.com/theatul/EngineersEngine,theatul,2015-11-30T08:51:24Z
47104605,https://github.com/diogenychen/DC-PHPer,diogenychen,2015-11-30T08:18:53Z