3735765,https://github.com/dongx-psu/Help.Giti.me,dongx-psu,2012-03-16T04:10:23Z
3735833,https://github.com/CauanCabral/RomanCalc,CauanCabral,2012-03-16T04:25:58Z
3735831,https://github.com/agripinoduarte/RomanCalculator,agripinoduarte,2012-03-16T04:25:29Z