21439232,https://github.com/circleci/ansible-aws,circleci,2014-07-02T20:24:58Z
21440221,https://github.com/chen42/openbehavior,chen42,2014-07-02T20:59:29Z
21439203,https://github.com/circleci/django-coverage,circleci,2014-07-02T20:23:58Z
21440095,https://github.com/TylerOderkirk/ptn2midi,TylerOderkirk,2014-07-02T20:54:45Z
21439780,https://github.com/fbkarsdorp/alignment,fbkarsdorp,2014-07-02T20:43:10Z
21439212,https://github.com/circleci/heroku-cd,circleci,2014-07-02T20:24:16Z
21439020,https://github.com/sugarlabs/speak,sugarlabs,2014-07-02T20:18:55Z
21440038,https://github.com/kalikaneko/pyopenlibrary,kalikaneko,2014-07-02T20:52:56Z
21439535,https://github.com/jclevesque/kaggle_higgs,jclevesque,2014-07-02T20:34:49Z
21439265,https://github.com/Oscarbralo/BitlyAPI,Oscarbralo,2014-07-02T20:25:50Z
21440064,https://github.com/Wikia/identify_wiki,Wikia,2014-07-02T20:53:38Z
21439321,https://github.com/williamstein92/panoramaclassifier,williamstein92,2014-07-02T20:27:27Z
21439407,https://github.com/anrocox/Python_lists_exists_item,anrocox,2014-07-02T20:30:18Z
21440186,https://github.com/anrocox/Python_lists_clone,anrocox,2014-07-02T20:58:15Z
21438603,https://github.com/meryt/util-scripts,meryt,2014-07-02T20:05:27Z
21439489,https://github.com/davepc/piplayer,davepc,2014-07-02T20:33:12Z
21439992,https://github.com/anrocox/Python_lists_update_item,anrocox,2014-07-02T20:51:38Z
21439294,https://github.com/Jc2k/mkpi,Jc2k,2014-07-02T20:26:40Z
21439229,https://github.com/CodeFluid/BucleWhile,CodeFluid,2014-07-02T20:24:53Z
21439290,https://github.com/andymckay/stats-api,andymckay,2014-07-02T20:26:34Z
21440130,https://github.com/simongcx/pysqlite3kvstore,simongcx,2014-07-02T20:56:03Z
21439264,https://github.com/7ws/django-setmagic,7ws,2014-07-02T20:25:49Z
21439561,https://github.com/OxPython/Python-dict-__setitem__,OxPython,2014-07-02T20:35:40Z
21439816,https://github.com/AndDeluiz/googlePythonClassExercises,AndDeluiz,2014-07-02T20:44:37Z
21439834,https://github.com/DanBlechner/temp123,DanBlechner,2014-07-02T20:45:12Z
21439835,https://github.com/anrocox/Python_lists_max_min,anrocox,2014-07-02T20:45:19Z
21439683,https://github.com/vasylhar/PythonDataAnalysis,vasylhar,2014-07-02T20:39:44Z
21439940,https://github.com/BrongoObenge/Neo4j-octo-love,BrongoObenge,2014-07-02T20:49:29Z
21439518,https://github.com/lukeshaughnessy/linux-poller,lukeshaughnessy,2014-07-02T20:33:55Z
21438574,https://github.com/corvis/heats-roompi,corvis,2014-07-02T20:04:43Z
21439970,https://github.com/OxPython/Python-dict-__getitem__,OxPython,2014-07-02T20:50:46Z