50201125,https://github.com/rackerlabs/fleece,rackerlabs,2016-01-22T18:57:56Z
50198648,https://github.com/TUNE-Archive/freight_forwarder,TUNE-Archive,2016-01-22T18:10:17Z
50200830,https://github.com/rudrab/MkBiB,rudrab,2016-01-22T18:51:56Z
50200343,https://github.com/IndicoDataSolutions/content_recommendation,IndicoDataSolutions,2016-01-22T18:43:37Z
50199433,https://github.com/PrithMDP/Web_stuff,PrithMDP,2016-01-22T18:26:21Z
50200841,https://github.com/c330s/glyphs-script--coursive-calt,c330s,2016-01-22T18:52:12Z
50198171,https://github.com/horga83/h19term,horga83,2016-01-22T18:02:05Z
50198273,https://github.com/bmukheja/my-first-blog,bmukheja,2016-01-22T18:03:48Z
50199735,https://github.com/notexit/HANGMAN,notexit,2016-01-22T18:32:09Z
50198871,https://github.com/MaayanLab/software-testing,MaayanLab,2016-01-22T18:14:30Z
50198245,https://github.com/shrub77/blog-code,shrub77,2016-01-22T18:03:25Z
50198970,https://github.com/chirs/kinetic_sculpture,chirs,2016-01-22T18:16:42Z
50200769,https://github.com/geocot/GIT,geocot,2016-01-22T18:50:34Z
50198197,https://github.com/AngelaQYang/Soundcast_trip_table,AngelaQYang,2016-01-22T18:02:35Z
50200099,https://github.com/oscarvazquez/testing_pylot,oscarvazquez,2016-01-22T18:38:17Z
50200261,https://github.com/darrickteng/Simplex-Algorithm,darrickteng,2016-01-22T18:41:52Z
50200288,https://github.com/Rybec/CS290,Rybec,2016-01-22T18:42:21Z
50199157,https://github.com/pquant/pyStrat,pquant,2016-01-22T18:20:50Z
50198349,https://github.com/bmili/awsiotdehydrator,bmili,2016-01-22T18:05:11Z
50199531,https://github.com/pagemedinaj/vcu,pagemedinaj,2016-01-22T18:28:21Z
50199136,https://github.com/plusk01/roboclaw-v3,plusk01,2016-01-22T18:20:28Z
50198519,https://github.com/bairdbr3/erdas-website,bairdbr3,2016-01-22T18:07:45Z
50200879,https://github.com/kemilee/Fitness-Friends,kemilee,2016-01-22T18:52:54Z
50198193,https://github.com/lwjandmy/eztar,lwjandmy,2016-01-22T18:02:28Z
50198547,https://github.com/iambibhas/aqilog,iambibhas,2016-01-22T18:08:15Z
50198659,https://github.com/znie0227/MapReduce-Help-you-choose-airline,znie0227,2016-01-22T18:10:28Z
50199470,https://github.com/NexxusDrako/DoucheChecker,NexxusDrako,2016-01-22T18:27:10Z
50198776,https://github.com/dlinet/Hello_World,dlinet,2016-01-22T18:12:52Z
50200307,https://github.com/prateeknepaliya09/Udacity_Deep_learning,prateeknepaliya09,2016-01-22T18:42:42Z
50198963,https://github.com/SauravAc/wikipediator,SauravAc,2016-01-22T18:16:32Z
50199622,https://github.com/lummish/cmsi282,lummish,2016-01-22T18:30:00Z
50200933,https://github.com/ben174/optimizations,ben174,2016-01-22T18:54:12Z
50199030,https://github.com/pratiksharma23/FindThatScene,pratiksharma23,2016-01-22T18:18:17Z
50198110,https://github.com/DanBuchan/twittercoding,DanBuchan,2016-01-22T18:00:53Z
50199604,https://github.com/jcheong0428/psy161_assignments,jcheong0428,2016-01-22T18:29:36Z
50200825,https://github.com/rykachevskiy/azul-latency_simulator,rykachevskiy,2016-01-22T18:51:50Z
50200025,https://github.com/Bradbury83/Probam,Bradbury83,2016-01-22T18:36:59Z
50200410,https://github.com/scibi/rpi-reporter,scibi,2016-01-22T18:44:49Z
50200524,https://github.com/maneshd/XC_v0,maneshd,2016-01-22T18:46:48Z
50198923,https://github.com/lienok/pw_python,lienok,2016-01-22T18:15:33Z
50198391,https://github.com/rengokantai/pkmongocokcp1python,rengokantai,2016-01-22T18:05:50Z
50199524,https://github.com/neuromusic/abcd-to-neurolex,neuromusic,2016-01-22T18:28:11Z
50198854,https://github.com/ATP93/python-dns-web,ATP93,2016-01-22T18:14:22Z
50200897,https://github.com/Bradbury83/jhh,Bradbury83,2016-01-22T18:53:22Z
50198604,https://github.com/avipersin/BasemapPDF,avipersin,2016-01-22T18:09:23Z
50200215,https://github.com/prernaj/coding,prernaj,2016-01-22T18:40:48Z
50200818,https://github.com/Superman8218/mewtwo,Superman8218,2016-01-22T18:51:38Z
50200358,https://github.com/firstclone/DnDice,firstclone,2016-01-22T18:43:54Z
50201063,https://github.com/sanjiv510/la,sanjiv510,2016-01-22T18:56:45Z
50198556,https://github.com/ndr37/DRRA,ndr37,2016-01-22T18:08:23Z
50199749,https://github.com/controlyourway/PythonLibraryExample,controlyourway,2016-01-22T18:32:19Z
50199355,https://github.com/dcrozier/PyTest,dcrozier,2016-01-22T18:24:52Z
50201011,https://github.com/evsignal/test,evsignal,2016-01-22T18:55:39Z
50200927,https://github.com/slippy0/Backsolve-Counter,slippy0,2016-01-22T18:53:57Z
50201023,https://github.com/angadgill/Parallel-Programming-Examples,angadgill,2016-01-22T18:55:54Z
50199708,https://github.com/hyoung-dpl/pynet,hyoung-dpl,2016-01-22T18:31:49Z
50199315,https://github.com/zaynrahn/hello-world,zaynrahn,2016-01-22T18:24:00Z
50200490,https://github.com/BartaPal/machinelearning,BartaPal,2016-01-22T18:46:21Z
50200617,https://github.com/Petelliott/cards,Petelliott,2016-01-22T18:48:07Z
50199724,https://github.com/Emmanuel-Coutlee/Jeu-d-echec-v0.9alpha,Emmanuel-Coutlee,2016-01-22T18:32:02Z
50199968,https://github.com/felipemiramontesr/ip_rangos,felipemiramontesr,2016-01-22T18:36:06Z
50199599,https://github.com/tomderuijter/probability-forecast,tomderuijter,2016-01-22T18:29:26Z