152050177,https://github.com/puncoz-official/laravel-boilerplate,puncoz-official,2018-10-08T09:07:15Z
152049345,https://github.com/hexonet/whmcs-ispapi-registrar,hexonet,2018-10-08T09:02:08Z
152054345,https://github.com/caojianfei/laravel-qcloud-cos,caojianfei,2018-10-08T09:36:35Z
152056805,https://github.com/afk11/walletman,afk11,2018-10-08T09:54:40Z
152057508,https://github.com/Denis4yk/laravel-docker-setup,Denis4yk,2018-10-08T09:59:52Z
152054762,https://github.com/vijays91/Magento2-WhatsApp-Share,vijays91,2018-10-08T09:39:31Z
152052213,https://github.com/fadidevv/tor-with-curl,fadidevv,2018-10-08T09:21:27Z
152056271,https://github.com/Weissheiten/MegaHamsterCom,Weissheiten,2018-10-08T09:50:26Z
152054113,https://github.com/ishakib/pmanager-Laravel-5.6,ishakib,2018-10-08T09:35:02Z
152049777,https://github.com/qt06/typecho-plugin-sound,qt06,2018-10-08T09:04:43Z
152049599,https://github.com/st52542/iwwwUpce,st52542,2018-10-08T09:03:42Z
152051905,https://github.com/bryangruneberg/amazee-labs-ubuntu,bryangruneberg,2018-10-08T09:19:30Z
152057341,https://github.com/EverMarr/MegaHamsterCom,EverMarr,2018-10-08T09:58:46Z
152055251,https://github.com/PHP-CHB/php,PHP-CHB,2018-10-08T09:42:57Z
152053459,https://github.com/gzname/xm,gzname,2018-10-08T09:30:06Z
152051158,https://github.com/cristianq16/Dycil_CRUD_PHP,cristianq16,2018-10-08T09:13:57Z
152050420,https://github.com/zhanglan1315/rdbms-server,zhanglan1315,2018-10-08T09:08:45Z
152052212,https://github.com/Alekers/yii2_telegram_bot,Alekers,2018-10-08T09:21:27Z
152055036,https://github.com/muhammedn/rest-api-slim,muhammedn,2018-10-08T09:41:21Z
152056643,https://github.com/rafaMateos/PSPRO,rafaMateos,2018-10-08T09:53:21Z
152053291,https://github.com/chianz/seckill,chianz,2018-10-08T09:28:58Z
152054536,https://github.com/megaads-vn/google-spreadsheets-api,megaads-vn,2018-10-08T09:37:58Z
152054235,https://github.com/jaydeeppatelgh/wooptest,jaydeeppatelgh,2018-10-08T09:35:53Z
152049989,https://github.com/realhosting/ipv6_enable,realhosting,2018-10-08T09:06:05Z
152050407,https://github.com/Mixpeal/gittyapp,Mixpeal,2018-10-08T09:08:39Z
152052009,https://github.com/QuentinDll/ExePhp7.9,QuentinDll,2018-10-08T09:20:13Z
152056477,https://github.com/kimu0825/bug-free-octo-guide,kimu0825,2018-10-08T09:51:58Z
152053212,https://github.com/sidnetopia/blog-project,sidnetopia,2018-10-08T09:28:29Z
152053915,https://github.com/infolinematrix/Hierarchy,infolinematrix,2018-10-08T09:33:33Z
152049404,https://github.com/stricker26/survey,stricker26,2018-10-08T09:02:30Z
152050600,https://github.com/LeMaAgency/larealty,LeMaAgency,2018-10-08T09:09:56Z
152050677,https://github.com/a4330413/long,a4330413,2018-10-08T09:10:25Z
152054042,https://github.com/thomaslasky/GamingPalois2019,thomaslasky,2018-10-08T09:34:23Z
152057329,https://github.com/MathiasRi/MegahamsterCom,MathiasRi,2018-10-08T09:58:42Z
152049521,https://github.com/siva2krish/druapl-amazee,siva2krish,2018-10-08T09:03:14Z
152057186,https://github.com/richaranjan04/student-management-system,richaranjan04,2018-10-08T09:57:24Z
152051336,https://github.com/Origato/sorter-php5.6,Origato,2018-10-08T09:15:13Z
152053974,https://github.com/right7ctrl/codeigniter-ebook,right7ctrl,2018-10-08T09:33:57Z
152054131,https://github.com/molzieyy/worldbank_api_consume,molzieyy,2018-10-08T09:35:08Z
152050174,https://github.com/TonyBao0403/Demoproject,TonyBao0403,2018-10-08T09:07:14Z
152049294,https://github.com/petergaobro/WDA-A1,petergaobro,2018-10-08T09:01:49Z
152050008,https://github.com/abdansya/belajar-laravel,abdansya,2018-10-08T09:06:12Z
152049132,https://github.com/wearesho-team/yii2-header-language-selector,wearesho-team,2018-10-08T09:00:45Z
152056824,https://github.com/Anistea/Parking,Anistea,2018-10-08T09:54:49Z
152056359,https://github.com/atulcodex/Captain-America-Blog,atulcodex,2018-10-08T09:51:06Z
152053475,https://github.com/wqzbxh/pai,wqzbxh,2018-10-08T09:30:13Z
152053102,https://github.com/huzs1622/wxpay_php_sdk,huzs1622,2018-10-08T09:27:44Z
152051750,https://github.com/binghe17/phpfileupload,binghe17,2018-10-08T09:18:25Z
152052102,https://github.com/QuentinDll/ExePhp8.9,QuentinDll,2018-10-08T09:20:45Z
152054055,https://github.com/Webkadabra/simple-rest-app,Webkadabra,2018-10-08T09:34:31Z
152049111,https://github.com/Intaxseva/admin,Intaxseva,2018-10-08T09:00:35Z
152050204,https://github.com/ezDeFi/Nextypay-whmcs,ezDeFi,2018-10-08T09:07:25Z
152055987,https://github.com/mohameds-sdei/Laravel-download-mysql-database,mohameds-sdei,2018-10-08T09:48:12Z
152056282,https://github.com/Darkb0ne/MegaHamsterCom,Darkb0ne,2018-10-08T09:50:30Z
152050068,https://github.com/mahadi8457/Weather-Plugin,mahadi8457,2018-10-08T09:06:41Z
152052859,https://github.com/alanyukeroo/demon-web,alanyukeroo,2018-10-08T09:26:07Z
152053339,https://github.com/h492831190/test_git,h492831190,2018-10-08T09:29:23Z
152052250,https://github.com/QuentinDll/TPPhpp9,QuentinDll,2018-10-08T09:21:41Z
152049501,https://github.com/harikagujjula/d861-1,harikagujjula,2018-10-08T09:03:10Z
152055099,https://github.com/droidfanat/oro-api,droidfanat,2018-10-08T09:41:46Z
152055701,https://github.com/YvesBoah/MY-One-session,YvesBoah,2018-10-08T09:46:13Z
152056417,https://github.com/ClementCode/WCSGitChallenges,ClementCode,2018-10-08T09:51:35Z
152055026,https://github.com/harikagujjula/d861,harikagujjula,2018-10-08T09:41:15Z
152051877,https://github.com/Nicola-Formici/Pagliari,Nicola-Formici,2018-10-08T09:19:23Z
152049954,https://github.com/Caripson/Onapp-bandwidth-stats-to-grafana,Caripson,2018-10-08T09:05:50Z
152050799,https://github.com/octopuscart/client_ryl,octopuscart,2018-10-08T09:11:17Z
152050829,https://github.com/aldoka/PaydByTest,aldoka,2018-10-08T09:11:31Z
152056919,https://github.com/GalinaIs/PHP2,GalinaIs,2018-10-08T09:55:29Z
152052320,https://github.com/SinsiBlue/adminLte,SinsiBlue,2018-10-08T09:22:10Z
152055239,https://github.com/nirfan/vsf,nirfan,2018-10-08T09:42:53Z
152050603,https://github.com/imsolayman/bill,imsolayman,2018-10-08T09:09:58Z
152051878,https://github.com/QuentinDll/ExePhp6.9,QuentinDll,2018-10-08T09:19:23Z