12479555,https://github.com/gengo/goship,gengo,2013-08-30T06:20:15Z
12480073,https://github.com/chienlungcheung/LZW-wrote-in-golang-,chienlungcheung,2013-08-30T06:54:06Z