53108710,https://github.com/libratbag/piper,libratbag,2016-03-04T05:00:22Z
53110182,https://github.com/GlobalEcologyLab/PaleoView,GlobalEcologyLab,2016-03-04T05:34:23Z
53111355,https://github.com/srishti-1795/Humour-Detection,srishti-1795,2016-03-04T05:57:42Z
53109781,https://github.com/pushkarparanjpe/django-awsome,pushkarparanjpe,2016-03-04T05:26:23Z
53110035,https://github.com/manaranjanp/spark-dev-training,manaranjanp,2016-03-04T05:31:18Z
53109318,https://github.com/goldsborough/li,goldsborough,2016-03-04T05:15:46Z
53110290,https://github.com/TerminalWitchcraft/Xaon,TerminalWitchcraft,2016-03-04T05:36:59Z
53110993,https://github.com/amy12xx/TelecomChurnPrediction,amy12xx,2016-03-04T05:51:23Z
53108908,https://github.com/keithemiller/shell-scribe,keithemiller,2016-03-04T05:05:01Z
53111229,https://github.com/HPENetworking/topology_docker_openswitch,HPENetworking,2016-03-04T05:55:34Z
53110532,https://github.com/HPENetworking/topology_docker_openvswitch,HPENetworking,2016-03-04T05:41:38Z
53109471,https://github.com/globality-corp/microcosm-logging,globality-corp,2016-03-04T05:19:29Z
53110153,https://github.com/HPENetworking/topology_docker_p4switch,HPENetworking,2016-03-04T05:33:39Z
53109463,https://github.com/HariPadBharti/Bike-Share-Analysis,HariPadBharti,2016-03-04T05:19:23Z
53109088,https://github.com/HariPadBharti/Analysis-of-Immigrants-in-random-countries,HariPadBharti,2016-03-04T05:09:33Z
53109441,https://github.com/threejawchuck/hello-world,threejawchuck,2016-03-04T05:18:43Z
53110519,https://github.com/PythonBackports/backports.functools_partialmethod,PythonBackports,2016-03-04T05:41:23Z
53110388,https://github.com/phoenixlch/study,phoenixlch,2016-03-04T05:38:58Z
53110881,https://github.com/chapman-cpsc-230/hw3-gmontesdeoca,chapman-cpsc-230,2016-03-04T05:48:47Z
53110138,https://github.com/justTony/pytyle,justTony,2016-03-04T05:33:22Z
53110340,https://github.com/chapman-cpsc-230/hw3-ochoa117,chapman-cpsc-230,2016-03-04T05:37:58Z
53109437,https://github.com/charlesbbc/my-first-blog,charlesbbc,2016-03-04T05:18:40Z
53109405,https://github.com/VandyChris/Statistics,VandyChris,2016-03-04T05:18:08Z
53109406,https://github.com/mr-justdoit/harvest2ch,mr-justdoit,2016-03-04T05:18:09Z
53108862,https://github.com/barbsicle/telegram-triviabot,barbsicle,2016-03-04T05:03:54Z
53110046,https://github.com/godong9/algorithm,godong9,2016-03-04T05:31:30Z
53110284,https://github.com/craigkim/python-utils,craigkim,2016-03-04T05:36:49Z
53111312,https://github.com/kagers/g-matrix,kagers,2016-03-04T05:56:57Z
53110896,https://github.com/algorithmofdoom/division,algorithmofdoom,2016-03-04T05:49:14Z
53109417,https://github.com/noreenyue/switchLang,noreenyue,2016-03-04T05:18:18Z
53109865,https://github.com/atat-atat/SpaghettiBot-or-PingBot-,atat-atat,2016-03-04T05:28:02Z
53111290,https://github.com/raivivek/swc-demo,raivivek,2016-03-04T05:56:26Z
53110726,https://github.com/adamtlee/django_app_1,adamtlee,2016-03-04T05:45:35Z
53109842,https://github.com/wendingzhang/baidubaike_spider,wendingzhang,2016-03-04T05:27:27Z
53110273,https://github.com/skytina/baidu_spider,skytina,2016-03-04T05:36:26Z
53109173,https://github.com/cynthiachan/TweetGenerator,cynthiachan,2016-03-04T05:12:11Z
53110897,https://github.com/cdzmouse/dotfile,cdzmouse,2016-03-04T05:49:15Z
53109305,https://github.com/Mohanrajut/SNMP_get,Mohanrajut,2016-03-04T05:15:29Z
53109372,https://github.com/WalnutATiie/CloudMusicCrawler,WalnutATiie,2016-03-04T05:17:18Z
53110668,https://github.com/JiangWeiGitHub/AllInOne,JiangWeiGitHub,2016-03-04T05:44:26Z
53109020,https://github.com/bista-sales/sales-forecast,bista-sales,2016-03-04T05:07:35Z
53108725,https://github.com/hahnicity/ansible-meg-server,hahnicity,2016-03-04T05:00:49Z
53110494,https://github.com/stephanyyong/cs161,stephanyyong,2016-03-04T05:40:54Z
53109205,https://github.com/joncon/parse_faults,joncon,2016-03-04T05:12:54Z
53109680,https://github.com/tgrtto/bigdata-test,tgrtto,2016-03-04T05:24:05Z
53110045,https://github.com/lachy54321/namebench,lachy54321,2016-03-04T05:31:29Z
53108764,https://github.com/tazzledazzle/pytube,tazzledazzle,2016-03-04T05:01:51Z
53111169,https://github.com/hosseink/CS231n,hosseink,2016-03-04T05:54:30Z
53110028,https://github.com/sukiand/zendesk-challenge,sukiand,2016-03-04T05:31:09Z
53109774,https://github.com/zhjwpku/myscripts,zhjwpku,2016-03-04T05:26:13Z
53110600,https://github.com/kathomas921/CS5430-A3,kathomas921,2016-03-04T05:42:52Z
53111039,https://github.com/whiler/a-walk-in-python,whiler,2016-03-04T05:52:08Z
53110614,https://github.com/choldrim/_repo_review_test,choldrim,2016-03-04T05:43:19Z
53110816,https://github.com/diegoaleman/drawmycode,diegoaleman,2016-03-04T05:47:26Z
53109682,https://github.com/JBerry-Chi/CareAPIMapping,JBerry-Chi,2016-03-04T05:24:07Z
53109979,https://github.com/hayderimran7/pcfInteroperability,hayderimran7,2016-03-04T05:30:15Z
53110995,https://github.com/HPENetworking/topology_docker_ryu,HPENetworking,2016-03-04T05:51:25Z
53109800,https://github.com/krishnankalyanasundar/tweet_map,krishnankalyanasundar,2016-03-04T05:26:44Z
53110626,https://github.com/blha303/unrar_all,blha303,2016-03-04T05:43:30Z
53110032,https://github.com/kqt717/python,kqt717,2016-03-04T05:31:14Z
53110698,https://github.com/jordwars/6035Spring2016,jordwars,2016-03-04T05:44:58Z
53111045,https://github.com/chapman-cpsc-230/hw3-roth141,chapman-cpsc-230,2016-03-04T05:52:19Z
53110123,https://github.com/peipei1109/learngit,peipei1109,2016-03-04T05:33:00Z
53108915,https://github.com/SteveOzo/my-first-blog,SteveOzo,2016-03-04T05:05:11Z
53110499,https://github.com/d-strickland/bst,d-strickland,2016-03-04T05:40:57Z
53108751,https://github.com/peimingjerry/sim_database,peimingjerry,2016-03-04T05:01:35Z
53110108,https://github.com/chapman-cpsc-230/hw3-agust105,chapman-cpsc-230,2016-03-04T05:32:43Z
53110311,https://github.com/sarvex/python-image-subset,sarvex,2016-03-04T05:37:24Z