53120225,https://github.com/praekeltfoundation/marathon-acme,praekeltfoundation,2016-03-04T08:32:06Z
53118476,https://github.com/wswuai/cn2num.py,wswuai,2016-03-04T08:03:30Z
53121637,https://github.com/L-Angel/spider_API,L-Angel,2016-03-04T08:54:27Z
53119544,https://github.com/kensworth/algos,kensworth,2016-03-04T08:21:25Z
53121279,https://github.com/USCDataScience/counterfeit-crawling,USCDataScience,2016-03-04T08:48:24Z
53119049,https://github.com/thuongdinh-agilityio/pyspark-docker,thuongdinh-agilityio,2016-03-04T08:12:51Z
53119583,https://github.com/goalong/hahawechat,goalong,2016-03-04T08:21:55Z
53120814,https://github.com/uduse/dc-food-search,uduse,2016-03-04T08:41:08Z
53119764,https://github.com/nickkumpenPXL/blescan,nickkumpenPXL,2016-03-04T08:24:48Z
53120995,https://github.com/pteacher/stepic_web_project,pteacher,2016-03-04T08:44:02Z
53118523,https://github.com/buaaspy/WeiboRepostCrawler,buaaspy,2016-03-04T08:04:31Z
53121762,https://github.com/ashwini0529/iterate-python,ashwini0529,2016-03-04T08:56:12Z
53121507,https://github.com/jayme-github/steam_idle_qt,jayme-github,2016-03-04T08:52:02Z
53119196,https://github.com/atihonruk/yandex-geocoder,atihonruk,2016-03-04T08:15:10Z
53120443,https://github.com/viranch/diffy,viranch,2016-03-04T08:35:31Z
53121173,https://github.com/takukawasaki/networking_hack1,takukawasaki,2016-03-04T08:46:58Z
53118386,https://github.com/shellwjl/myflaskApp,shellwjl,2016-03-04T08:01:43Z
53121292,https://github.com/Vutsuak16/number_theoretic_functions,Vutsuak16,2016-03-04T08:48:35Z
53118471,https://github.com/Jyx/configs,Jyx,2016-03-04T08:03:25Z
53120407,https://github.com/RollingBack/vote_robot,RollingBack,2016-03-04T08:35:01Z
53119968,https://github.com/mchundi/qcp_data_verification,mchundi,2016-03-04T08:28:12Z
53120878,https://github.com/ay27/GenderPrediction,ay27,2016-03-04T08:42:06Z
53119288,https://github.com/cotunix/MemeBot,cotunix,2016-03-04T08:17:03Z
53120263,https://github.com/wangzz719/learn_python,wangzz719,2016-03-04T08:32:43Z
53118906,https://github.com/dzfz/scrapyTest,dzfz,2016-03-04T08:10:43Z
53121475,https://github.com/Vyara/First-Python-Programs,Vyara,2016-03-04T08:51:22Z
53121584,https://github.com/abyken/pyproxy,abyken,2016-03-04T08:53:28Z
53119500,https://github.com/Patrickcxt/dip,Patrickcxt,2016-03-04T08:20:43Z
53120741,https://github.com/viranch/factory,viranch,2016-03-04T08:40:05Z
53121063,https://github.com/liling0516/git111,liling0516,2016-03-04T08:45:13Z
53118739,https://github.com/LAsbun/scrap_study,LAsbun,2016-03-04T08:07:52Z
53118876,https://github.com/ViswanathB/Web-Crawler,ViswanathB,2016-03-04T08:10:13Z
53120557,https://github.com/mzcity123/selenium-workshop,mzcity123,2016-03-04T08:37:12Z
53121670,https://github.com/starshayayord/pam_ldap_sms,starshayayord,2016-03-04T08:54:53Z
53121007,https://github.com/amof/Falcon,amof,2016-03-04T08:44:14Z
53121058,https://github.com/ESjokvist/Secretome-database,ESjokvist,2016-03-04T08:45:06Z
53120554,https://github.com/anshsaikia/SampleDemo-PollApp,anshsaikia,2016-03-04T08:37:09Z
53121490,https://github.com/icebergnam/MyProj,icebergnam,2016-03-04T08:51:36Z
53121555,https://github.com/sdgdsffdsfff/adb_connect_memu,sdgdsffdsfff,2016-03-04T08:52:54Z
53118879,https://github.com/lixiongjiu/USACompanyInfoSpider,lixiongjiu,2016-03-04T08:10:14Z
53119709,https://github.com/Yanhao/DebianCN-bot,Yanhao,2016-03-04T08:23:52Z
53119913,https://github.com/bombworm/uuApi,bombworm,2016-03-04T08:27:19Z
53119594,https://github.com/alfalfascout/OrangeGenerators,alfalfascout,2016-03-04T08:22:01Z
53120825,https://github.com/glorysongglory/djangoTest,glorysongglory,2016-03-04T08:41:18Z
53118774,https://github.com/narakai/FlaskDemo,narakai,2016-03-04T08:08:28Z
53121168,https://github.com/vinjn/MLStudy,vinjn,2016-03-04T08:46:51Z
53121225,https://github.com/jezyk/gmrt,jezyk,2016-03-04T08:47:34Z
53121832,https://github.com/Prashast07/Python-Projects,Prashast07,2016-03-04T08:57:22Z
53121968,https://github.com/TuanAnhBien/vbpl_crawler,TuanAnhBien,2016-03-04T08:59:42Z
53119988,https://github.com/drtimcouper/behave,drtimcouper,2016-03-04T08:28:29Z
53118837,https://github.com/pgour/assignment-2015-5,pgour,2016-03-04T08:09:33Z
53120135,https://github.com/EricKao/PyHi,EricKao,2016-03-04T08:30:47Z
53121638,https://github.com/xxf961/MyGitView,xxf961,2016-03-04T08:54:29Z
53121314,https://github.com/lujun9972/function_point_counter,lujun9972,2016-03-04T08:48:51Z
53121489,https://github.com/lrvdijk/distributed-ngs,lrvdijk,2016-03-04T08:51:36Z