8429807,https://github.com/2amigos/egeoip,2amigos,2013-02-26T09:58:42Z
8429669,https://github.com/Web-Power/GCMApplicationServer,Web-Power,2013-02-26T09:51:34Z
8429771,https://github.com/carlescliment/light-news-bundle,carlescliment,2013-02-26T09:56:59Z
8429482,https://github.com/ProgerXP/HTMLki,ProgerXP,2013-02-26T09:38:52Z
8429445,https://github.com/SnowHall/Eliza,SnowHall,2013-02-26T09:36:37Z
8429237,https://github.com/im4aLL/phpXML,im4aLL,2013-02-26T09:23:49Z
8429803,https://github.com/thinkphp/gists,thinkphp,2013-02-26T09:58:27Z
8429465,https://github.com/agitso/email,agitso,2013-02-26T09:37:34Z
8429423,https://github.com/monikadasari/sampleproject,monikadasari,2013-02-26T09:35:36Z
8429104,https://github.com/BankDev/test,BankDev,2013-02-26T09:15:37Z
8429817,https://github.com/drdev/dlutwbootstrap,drdev,2013-02-26T09:59:14Z
8429210,https://github.com/batacjd/trendApp,batacjd,2013-02-26T09:22:01Z
8429260,https://github.com/findingsimple/simple-more-link-meta-box,findingsimple,2013-02-26T09:25:01Z
8428904,https://github.com/karalisdesign/GreyWolf,karalisdesign,2013-02-26T09:03:53Z
8429830,https://github.com/keithtait/pure4proxy,keithtait,2013-02-26T09:59:51Z
8428939,https://github.com/andyhmltn/PHPAuth-2.0,andyhmltn,2013-02-26T09:06:11Z
8429573,https://github.com/sbnd/sbnd_fcms_assetmanager,sbnd,2013-02-26T09:45:05Z