12774174,https://github.com/Kill-Console/PythonShootGame,Kill-Console,2013-09-12T03:40:07Z
12774156,https://github.com/kmarekspartz/widely,kmarekspartz,2013-09-12T03:38:02Z
12774356,https://github.com/zen4ever/keychain_manager,zen4ever,2013-09-12T03:50:19Z
12773671,https://github.com/markgemmill/cookiecutter-sphinx,markgemmill,2013-09-12T03:06:05Z
12773675,https://github.com/luismasuelli/django-detention-ritual,luismasuelli,2013-09-12T03:06:20Z
12774407,https://github.com/vitapluvia/Wallbase-Wallpaper-Cycle,vitapluvia,2013-09-12T03:53:35Z
12773703,https://github.com/takayuki-okazawa/get_seal_bottle,takayuki-okazawa,2013-09-12T03:08:04Z
12773745,https://github.com/akretion/openerp-addons-ci,akretion,2013-09-12T03:10:57Z
12773824,https://github.com/icetoggle/GoToPath,icetoggle,2013-09-12T03:16:37Z
12773834,https://github.com/devonmeyer/recruit_me,devonmeyer,2013-09-12T03:17:27Z
12773786,https://github.com/wmttom/rehichao,wmttom,2013-09-12T03:13:44Z
12774457,https://github.com/codingtony/pc-autobackup,codingtony,2013-09-12T03:56:47Z
12773765,https://github.com/mphuie/taskr,mphuie,2013-09-12T03:12:26Z
12774159,https://github.com/Kr0nZ/pnpimporter,Kr0nZ,2013-09-12T03:38:12Z
12774141,https://github.com/techfreek/PythonPostScript,techfreek,2013-09-12T03:36:52Z