18495266,https://github.com/jennybc/2014-05-12-ubc,jennybc,2014-04-06T17:45:52Z
18495307,https://github.com/mvpp/MIS-382N.12-SMA,mvpp,2014-04-06T17:48:18Z
18494568,https://github.com/JC-SoCal/pyFog,JC-SoCal,2014-04-06T17:10:18Z
18495283,https://github.com/paKanhu/sync_subtitle,paKanhu,2014-04-06T17:47:07Z
18495062,https://github.com/dhavalmanjaria/readcue,dhavalmanjaria,2014-04-06T17:33:57Z
18494976,https://github.com/ricardogarzocastro/CalCalc,ricardogarzocastro,2014-04-06T17:29:44Z
18494573,https://github.com/pignacio/downchan,pignacio,2014-04-06T17:10:30Z
18495207,https://github.com/Brunzer/testsite,Brunzer,2014-04-06T17:42:46Z
18494562,https://github.com/aroig/async,aroig,2014-04-06T17:09:58Z
18494696,https://github.com/sfmap/sfmap,sfmap,2014-04-06T17:16:36Z
18494760,https://github.com/bleezmo/quasar_research,bleezmo,2014-04-06T17:19:28Z
18494756,https://github.com/Gradous/Scraper-Metrics,Gradous,2014-04-06T17:19:19Z
18495383,https://github.com/Grassboy/plugin.video.furk,Grassboy,2014-04-06T17:52:15Z
18495386,https://github.com/fede1024/topcoder,fede1024,2014-04-06T17:52:21Z
18494654,https://github.com/davidkrueger/Quotes,davidkrueger,2014-04-06T17:14:49Z
18494676,https://github.com/camman3d/Differential-Drive-Robot,camman3d,2014-04-06T17:15:26Z
18494478,https://github.com/jettify/aiobeanstalk,jettify,2014-04-06T17:05:20Z