39676643,https://github.com/acelaya/doctrine-enum-type,acelaya,2015-07-25T07:32:34Z
39676324,https://github.com/phongsathon-jk/wil_webapp,phongsathon-jk,2015-07-25T07:20:27Z
39676561,https://github.com/The-Problem/The-Problem,The-Problem,2015-07-25T07:29:56Z
39675866,https://github.com/sadeep1org/rep1,sadeep1org,2015-07-25T07:02:14Z
39676447,https://github.com/HashResearch/LitmusCMS,HashResearch,2015-07-25T07:25:19Z
39675873,https://github.com/Testingorganize/traingit,Testingorganize,2015-07-25T07:02:26Z
39675880,https://github.com/adddumy/testing,adddumy,2015-07-25T07:02:35Z
39675883,https://github.com/Opticalsimul/testing,Opticalsimul,2015-07-25T07:02:42Z
39677126,https://github.com/wp-plugins/www-xml-sitemap-generator-org,wp-plugins,2015-07-25T07:52:46Z
39676911,https://github.com/i0173/yii2,i0173,2015-07-25T07:43:35Z
39675882,https://github.com/mkjc/my-first,mkjc,2015-07-25T07:02:40Z
39675876,https://github.com/chemixvisualize/testing2,chemixvisualize,2015-07-25T07:02:31Z
39677277,https://github.com/Aldaviva/relay-mesh-example-php,Aldaviva,2015-07-25T07:59:34Z
39675878,https://github.com/uojteam/testing,uojteam,2015-07-25T07:02:32Z
39675887,https://github.com/metebridge/test,metebridge,2015-07-25T07:02:50Z
39676826,https://github.com/surichai/yii2-tutorial,surichai,2015-07-25T07:40:21Z
39677172,https://github.com/Leo24/frg-red.test,Leo24,2015-07-25T07:54:41Z
39675831,https://github.com/arunyadhav/test2,arunyadhav,2015-07-25T07:00:51Z