525836,https://github.com/twigphp/Twig-extensions,twigphp,2010-02-19T11:08:22Z
525837,https://github.com/elger/PHP_CodeBrowser,elger,2010-02-19T11:08:27Z
525851,https://github.com/christoph80/SymfonyTest,christoph80,2010-02-19T11:18:55Z
525857,https://github.com/aboxall/v0.1-legacy,aboxall,2010-02-19T11:25:59Z