2587352,https://github.com/ray-di/Ray.Aop,ray-di,2011-10-16T18:10:01Z
2587490,https://github.com/FindMyFeet/Find-My-Feet,FindMyFeet,2011-10-16T18:46:15Z
2587392,https://github.com/batuhan/socialtools,batuhan,2011-10-16T18:18:38Z
2587344,https://github.com/vyty/Joomla-Leaderboard,vyty,2011-10-16T18:09:12Z
2587381,https://github.com/nocive/SASUA-canteen-menu-parser,nocive,2011-10-16T18:16:43Z
2587509,https://github.com/jazbek/nycga,jazbek,2011-10-16T18:51:05Z
2587442,https://github.com/sprice/simple_blog,sprice,2011-10-16T18:33:50Z
2587501,https://github.com/DQNEO/php,DQNEO,2011-10-16T18:48:01Z
2587309,https://github.com/eexit/ulr-sysd-client,eexit,2011-10-16T18:04:09Z