137419293,https://github.com/gewebe/TecdocBundle,gewebe,2018-06-14T23:32:03Z
137418298,https://github.com/lucaspaiva1/larissa,lucaspaiva1,2018-06-14T23:14:49Z
137417528,https://github.com/ghassani/scrapyard,ghassani,2018-06-14T23:01:11Z
137417952,https://github.com/ClaudioIMA/Gestor,ClaudioIMA,2018-06-14T23:08:17Z
137419206,https://github.com/backdrop-contrib/cssgrid_core_layouts,backdrop-contrib,2018-06-14T23:30:33Z
137417970,https://github.com/dirckdigler/scheduling_appointments,dirckdigler,2018-06-14T23:08:33Z
137420005,https://github.com/manuieee/Dark-Matter-Simulator,manuieee,2018-06-14T23:44:27Z
137419712,https://github.com/symbiote/silverstripe-design-bridge,symbiote,2018-06-14T23:39:25Z
137417697,https://github.com/thearyanahmed/object-injection-php,thearyanahmed,2018-06-14T23:04:10Z
137418850,https://github.com/dirckdigler/galeria,dirckdigler,2018-06-14T23:24:25Z
137419771,https://github.com/diegotorrecilllas/Tienda-laravel,diegotorrecilllas,2018-06-14T23:40:27Z
137418528,https://github.com/ascalabro/laravel-test,ascalabro,2018-06-14T23:18:27Z
137418090,https://github.com/PCoelho07/laravel-api-test,PCoelho07,2018-06-14T23:11:04Z
137419876,https://github.com/dmitry-olada/nadya_diplom,dmitry-olada,2018-06-14T23:42:05Z
137419603,https://github.com/robertoRobo/paginaEncriptar,robertoRobo,2018-06-14T23:37:31Z
137420253,https://github.com/thieusike/fruit_shop,thieusike,2018-06-14T23:49:05Z
137417725,https://github.com/Biancasilvino1/EventCenter,Biancasilvino1,2018-06-14T23:04:34Z