20587829,https://github.com/toumorokoshi/garage,toumorokoshi,2014-06-07T07:18:06Z
20588122,https://github.com/demlution/placeholder,demlution,2014-06-07T07:37:53Z
20588086,https://github.com/bgmerrell/sandbox,bgmerrell,2014-06-07T07:35:15Z
20587878,https://github.com/kho/byteblock,kho,2014-06-07T07:21:44Z