17625014,https://github.com/morganwilde/golearn,morganwilde,2014-03-11T09:32:43Z
17625285,https://github.com/yosida95/random,yosida95,2014-03-11T09:41:31Z
17624306,https://github.com/CasualSuperman/raytracer,CasualSuperman,2014-03-11T09:06:35Z
17624802,https://github.com/shenwei356/utilities,shenwei356,2014-03-11T09:24:08Z