73147563,https://github.com/reasonml/red,reasonml,2016-11-08T04:02:43Z
73149519,https://github.com/crcrpar/chainer-VAE,crcrpar,2016-11-08T04:38:50Z
73148971,https://github.com/zxsecurity/tardgps,zxsecurity,2016-11-08T04:27:50Z
73148529,https://github.com/mikeyy/pywakealexa,mikeyy,2016-11-08T04:19:29Z
73149753,https://github.com/jackluo/volatility-surface,jackluo,2016-11-08T04:43:10Z
73148212,https://github.com/stephenhky/MoguNumerics,stephenhky,2016-11-08T04:13:47Z
73149424,https://github.com/sn0wfa11/win_enum_local,sn0wfa11,2016-11-08T04:36:59Z
73148076,https://github.com/ZhenguoChen/DeltaCon,ZhenguoChen,2016-11-08T04:11:41Z
73148575,https://github.com/skomendera/PyMyTools,skomendera,2016-11-08T04:20:12Z
73149103,https://github.com/jchook/wordseg,jchook,2016-11-08T04:30:31Z
73148136,https://github.com/dshean/imview,dshean,2016-11-08T04:12:37Z
73148798,https://github.com/eecrazy/tensor_flow,eecrazy,2016-11-08T04:24:35Z
73148301,https://github.com/rvfvazquez/ApiRestPythonTest,rvfvazquez,2016-11-08T04:15:35Z
73150063,https://github.com/kevin--/cmakify,kevin--,2016-11-08T04:48:42Z
73147939,https://github.com/mwyau/python-election-monte-carlo,mwyau,2016-11-08T04:09:36Z
73148801,https://github.com/akurihara/impulse,akurihara,2016-11-08T04:24:39Z
73148577,https://github.com/csinva/younet,csinva,2016-11-08T04:20:17Z
73148313,https://github.com/pmquang/SVATTT2016,pmquang,2016-11-08T04:15:49Z
73147960,https://github.com/mitchins/alpine-bottle,mitchins,2016-11-08T04:09:50Z
73148683,https://github.com/HanlinHu/OC_Python,HanlinHu,2016-11-08T04:22:02Z
73148390,https://github.com/psy2013GitHub/dsa,psy2013GitHub,2016-11-08T04:17:02Z
73148473,https://github.com/gmnayak/hello-world,gmnayak,2016-11-08T04:18:23Z
73149097,https://github.com/johnosullivan/DOTA-Match-Review,johnosullivan,2016-11-08T04:30:22Z
73147638,https://github.com/mturk24/Ants,mturk24,2016-11-08T04:04:17Z
73150667,https://github.com/ClysmiC/RSAproject,ClysmiC,2016-11-08T04:59:09Z
73147981,https://github.com/coloradocolby/dev-notes,coloradocolby,2016-11-08T04:10:12Z
73148722,https://github.com/icisneros/cs182_finalproject_ICJH,icisneros,2016-11-08T04:22:45Z
73150561,https://github.com/LeeSungGuk/recommendation,LeeSungGuk,2016-11-08T04:57:35Z
73149175,https://github.com/protonotes/blacked,protonotes,2016-11-08T04:32:02Z
73149177,https://github.com/PriyankaSuryawanshi/roll10,PriyankaSuryawanshi,2016-11-08T04:32:05Z
73150076,https://github.com/hydrosquall/census-schema-alignment,hydrosquall,2016-11-08T04:48:55Z
73149437,https://github.com/chinnatan/TheForest,chinnatan,2016-11-08T04:37:14Z
73149598,https://github.com/ramgilli2005/Home_Automation_IoT,ramgilli2005,2016-11-08T04:40:06Z
73149848,https://github.com/bmende/automatic-headlines,bmende,2016-11-08T04:44:40Z
73148405,https://github.com/Schiz667/sygi-site,Schiz667,2016-11-08T04:17:19Z
73147743,https://github.com/Tonatiu/WatchTower,Tonatiu,2016-11-08T04:06:13Z
73149453,https://github.com/jqknono/FriendMeetingHelper,jqknono,2016-11-08T04:37:32Z
73147529,https://github.com/treetiger/learnpython,treetiger,2016-11-08T04:02:10Z
73149470,https://github.com/OwenKephart/LinearProgramming,OwenKephart,2016-11-08T04:37:52Z
73148726,https://github.com/danbudanov/GT-IoT-Workshop,danbudanov,2016-11-08T04:22:50Z
73149027,https://github.com/shubhamm0007/rollno31,shubhamm0007,2016-11-08T04:29:02Z
73150181,https://github.com/jimperio/pysnake,jimperio,2016-11-08T04:50:40Z
73150598,https://github.com/davidemoeller/PlayParser,davidemoeller,2016-11-08T04:58:13Z
73149009,https://github.com/ivanxalie/learning_log,ivanxalie,2016-11-08T04:28:39Z
73150150,https://github.com/ewarper/fictional-umbrella,ewarper,2016-11-08T04:50:06Z
73149226,https://github.com/veedo/tinydb-keystore,veedo,2016-11-08T04:33:02Z
73147730,https://github.com/dvazqueza/nltk_comments,dvazqueza,2016-11-08T04:06:04Z
73149659,https://github.com/ayip723/flask1,ayip723,2016-11-08T04:41:16Z
73148639,https://github.com/odty101/MediaCollector,odty101,2016-11-08T04:21:24Z
73149663,https://github.com/narfman0/mobile_backend,narfman0,2016-11-08T04:41:18Z
73148238,https://github.com/brandoncoyoy/PrograComercialFinal,brandoncoyoy,2016-11-08T04:14:14Z
73147935,https://github.com/m9rehman/Learning,m9rehman,2016-11-08T04:09:33Z
73148139,https://github.com/OrsonXu/realtimeEmpathExtraction,OrsonXu,2016-11-08T04:12:39Z
73149397,https://github.com/PriyankaSuryawanshi/rollno.06,PriyankaSuryawanshi,2016-11-08T04:36:28Z
73149410,https://github.com/diegow88/time,diegow88,2016-11-08T04:36:47Z
73147447,https://github.com/nathanhtcox/P5-Machine-Learning-with-Enron-Emails,nathanhtcox,2016-11-08T04:00:44Z
73147585,https://github.com/lukeaus/synsnip,lukeaus,2016-11-08T04:03:07Z
73147564,https://github.com/whmrtm/tournament,whmrtm,2016-11-08T04:02:44Z
73150080,https://github.com/ForceProject/Python-WebSockets-Server,ForceProject,2016-11-08T04:48:59Z
73147873,https://github.com/melpst/TCP-server,melpst,2016-11-08T04:08:34Z
73148585,https://github.com/hzhao16/1007_Project,hzhao16,2016-11-08T04:20:29Z
73147977,https://github.com/MineRobber9000/bf2p,MineRobber9000,2016-11-08T04:10:04Z