25525943,https://github.com/pki-io/core,pki-io,2014-10-21T14:10:41Z
25527222,https://github.com/manythumbed/konigsberg,manythumbed,2014-10-21T14:35:23Z
25525604,https://github.com/mohae/synchronicity,mohae,2014-10-21T14:03:37Z
25528035,https://github.com/lolilo/TCP_Networking_in_Go,lolilo,2014-10-21T14:50:15Z
25527330,https://github.com/jcarley/deck,jcarley,2014-10-21T14:37:22Z