17860497,https://github.com/mattrobenolt/django-sudo,mattrobenolt,2014-03-18T09:35:33Z
17859699,https://github.com/deapge/shangxueba,deapge,2014-03-18T09:07:18Z
17861071,https://github.com/larics/nao-xo,larics,2014-03-18T09:56:54Z
17859498,https://github.com/PetaPetaPeta/dollar-one-recognizer-python,PetaPetaPeta,2014-03-18T09:00:04Z
17859891,https://github.com/titan-the-coder/bing-translate-api,titan-the-coder,2014-03-18T09:14:03Z
17860267,https://github.com/avienne/visagePy,avienne,2014-03-18T09:28:10Z
17860658,https://github.com/raspitv/raspio-breakout,raspitv,2014-03-18T09:41:12Z
17861027,https://github.com/Nozdi/miner,Nozdi,2014-03-18T09:55:26Z
17859924,https://github.com/miku/triform,miku,2014-03-18T09:15:30Z
17859852,https://github.com/ivan-leontiev/blather,ivan-leontiev,2014-03-18T09:12:44Z
17860829,https://github.com/franklinovitch/app-gestion-stage,franklinovitch,2014-03-18T09:47:43Z
17860083,https://github.com/EloOOo/zone,EloOOo,2014-03-18T09:21:59Z
17860646,https://github.com/coepcbd/Group-9,coepcbd,2014-03-18T09:40:46Z
17860525,https://github.com/spikeekips/serf-python-travis-test,spikeekips,2014-03-18T09:36:22Z
17860040,https://github.com/coepcbd/GroupNumber8,coepcbd,2014-03-18T09:19:46Z
17860213,https://github.com/imclab/fcc_political_ads,imclab,2014-03-18T09:26:44Z
17860911,https://github.com/vmohan3/Haar-Wavelet-Transform,vmohan3,2014-03-18T09:50:41Z
17861047,https://github.com/quasi-nova/chatbot,quasi-nova,2014-03-18T09:56:08Z
17860444,https://github.com/prabh27/View-Grades,prabh27,2014-03-18T09:33:32Z
17860905,https://github.com/coepcbd/GroupNumber10,coepcbd,2014-03-18T09:50:31Z
17859603,https://github.com/jlehtoma/esmk-misc,jlehtoma,2014-03-18T09:04:09Z
17860672,https://github.com/zmactep/ig-folding,zmactep,2014-03-18T09:41:39Z
17860006,https://github.com/table526/tsp,table526,2014-03-18T09:18:35Z
17860448,https://github.com/arblrjcl/vorphost,arblrjcl,2014-03-18T09:33:37Z
17860291,https://github.com/imclab/neanmachine,imclab,2014-03-18T09:29:00Z
17860511,https://github.com/wolvelopez/django-admin,wolvelopez,2014-03-18T09:35:56Z