12057860,https://github.com/vladimirnani/DjangoCommands,vladimirnani,2013-08-12T14:29:52Z
12057425,https://github.com/nejstastnejsistene/cron.py,nejstastnejsistene,2013-08-12T14:10:13Z
12058533,https://github.com/Robots-Linti/duinobot,Robots-Linti,2013-08-12T14:57:19Z
12057952,https://github.com/barmassimo/Expense-Tracker,barmassimo,2013-08-12T14:33:15Z
12057494,https://github.com/csu/Tumblr-Tools,csu,2013-08-12T14:14:13Z
12058579,https://github.com/rakeshviyak/ElectionCrawler,rakeshviyak,2013-08-12T14:59:20Z
12058551,https://github.com/mozilla/minion-breach-plugin,mozilla,2013-08-12T14:58:05Z
12057474,https://github.com/christiaankruger/cs244-scanner-test-suite,christiaankruger,2013-08-12T14:13:08Z
12057403,https://github.com/jdsteele/python-steele,jdsteele,2013-08-12T14:09:11Z
12058154,https://github.com/jrmuller00/cmla,jrmuller00,2013-08-12T14:40:43Z
12058311,https://github.com/scotm/it-books-scraper,scotm,2013-08-12T14:46:55Z
12057676,https://github.com/jonasdiemer/jump,jonasdiemer,2013-08-12T14:21:34Z
12057847,https://github.com/jhooey/pythonPlayground,jhooey,2013-08-12T14:29:24Z
12058433,https://github.com/myaser/DAPOS_corpus_browser,myaser,2013-08-12T14:52:34Z
12058568,https://github.com/ScatterBytes/scatterbytes,ScatterBytes,2013-08-12T14:58:57Z
12057548,https://github.com/bcopeland/footprint,bcopeland,2013-08-12T14:16:16Z