231041722,https://github.com/peng-zhihui/GitHubLottery,peng-zhihui,2019-12-31T06:49:53Z
231035498,https://github.com/grayddq/PypiScan,grayddq,2019-12-31T06:03:46Z
231039833,https://github.com/DowellChan/ResNetRegression,DowellChan,2019-12-31T06:36:05Z
231037816,https://github.com/my68tron/yt-music,my68tron,2019-12-31T06:21:42Z
231039764,https://github.com/SpikeKing/img_processor_framework,SpikeKing,2019-12-31T06:35:37Z
231035631,https://github.com/Ronet05/Stock-Market-Prediction-using-text-news-on-Deep-Learning-Architecture,Ronet05,2019-12-31T06:04:55Z
231037905,https://github.com/Abdullahalmuhit/day_month_calculation,Abdullahalmuhit,2019-12-31T06:22:27Z
231040048,https://github.com/fluzyx/beatdrop-automation,fluzyx,2019-12-31T06:37:47Z
231041985,https://github.com/leonidlitvinoff/interactive-pricer,leonidlitvinoff,2019-12-31T06:51:46Z
231039003,https://github.com/Abdullahalmuhit/WebCraping,Abdullahalmuhit,2019-12-31T06:30:13Z
231037179,https://github.com/NumberZeroC/ParkinglotManage,NumberZeroC,2019-12-31T06:16:35Z
231042603,https://github.com/txcjhaz/compiler_homework2,txcjhaz,2019-12-31T06:55:57Z
231041625,https://github.com/andyhu4023/backtest_pkg,andyhu4023,2019-12-31T06:49:03Z
231042307,https://github.com/PKStuff/swagger_and_mongo_docker,PKStuff,2019-12-31T06:54:02Z
231036611,https://github.com/nikhilt1998/Real-Estate,nikhilt1998,2019-12-31T06:12:17Z
231039088,https://github.com/JaonM/tf-nre,JaonM,2019-12-31T06:30:52Z
231037660,https://github.com/hodersolutions/a1jobs-api,hodersolutions,2019-12-31T06:20:36Z
231038094,https://github.com/ugurcanusta55/openAcademy-Odoo13,ugurcanusta55,2019-12-31T06:23:46Z
231041611,https://github.com/CloudCare/dataway-python-sdk,CloudCare,2019-12-31T06:48:55Z
231037422,https://github.com/Geoge-Henry/timelib-py,Geoge-Henry,2019-12-31T06:18:37Z
231036423,https://github.com/BobDu/mygrpc,BobDu,2019-12-31T06:10:59Z
231039041,https://github.com/nishikant/kafka_lag,nishikant,2019-12-31T06:30:29Z
231035734,https://github.com/rynge/osg-testing,rynge,2019-12-31T06:05:44Z
231040479,https://github.com/KG97python/safe_cracker,KG97python,2019-12-31T06:40:46Z
231040996,https://github.com/JonathanDabreo/paytmpaymentgateway,JonathanDabreo,2019-12-31T06:44:23Z
231043118,https://github.com/giladchen/ExperimentSystem,giladchen,2019-12-31T06:59:21Z
231038670,https://github.com/Mandelbrot-Set/JuliaColorRender,Mandelbrot-Set,2019-12-31T06:27:42Z
231040396,https://github.com/shreyanshvarshney/Internity,shreyanshvarshney,2019-12-31T06:40:18Z
231035136,https://github.com/jane2620/GPA-grade-calculator-python,jane2620,2019-12-31T06:00:49Z
231035650,https://github.com/choijy1994/likelion-react,choijy1994,2019-12-31T06:05:02Z
231037537,https://github.com/snelson-redhat/ansible-python-quay,snelson-redhat,2019-12-31T06:19:37Z
231042355,https://github.com/Colourz5/Invadem,Colourz5,2019-12-31T06:54:21Z
231042291,https://github.com/wkim97/Pytorch-Practice,wkim97,2019-12-31T06:53:54Z
231041018,https://github.com/jia19830602/jia19830602,jia19830602,2019-12-31T06:44:35Z
231035316,https://github.com/15259203384/new-case,15259203384,2019-12-31T06:02:19Z
231042901,https://github.com/imtaehyun/hsbc-card-statement-parser,imtaehyun,2019-12-31T06:57:42Z
231035972,https://github.com/xka-zjh/DemoUI-master,xka-zjh,2019-12-31T06:07:32Z
231040264,https://github.com/GauravNadar/DjangoBlog,GauravNadar,2019-12-31T06:39:22Z
231041285,https://github.com/OrensteinLab/DeepSELEX,OrensteinLab,2019-12-31T06:46:23Z
231035697,https://github.com/NoMoreDesserts/GraduationProject,NoMoreDesserts,2019-12-31T06:05:28Z
231036760,https://github.com/Smitabidwai/pythoncode,Smitabidwai,2019-12-31T06:13:30Z
231037456,https://github.com/Arslanshoukat328/Python-Begginer-Projects,Arslanshoukat328,2019-12-31T06:18:55Z
231041106,https://github.com/TheAllenAnker/leetcode-in-python,TheAllenAnker,2019-12-31T06:45:07Z
231039711,https://github.com/Hatosabre/NP,Hatosabre,2019-12-31T06:35:16Z
231039284,https://github.com/rene-d/test-workflows-python,rene-d,2019-12-31T06:32:19Z
231041161,https://github.com/renguanglei96/Hello_World,renguanglei96,2019-12-31T06:45:30Z
231038398,https://github.com/Ageless2016/wordcolud_jieba_app,Ageless2016,2019-12-31T06:25:47Z
231041621,https://github.com/caulfield32/tele-worker,caulfield32,2019-12-31T06:49:01Z
231040843,https://github.com/CloudCare/public-booking-framework,CloudCare,2019-12-31T06:43:30Z
231037890,https://github.com/iiphenoix/unittest,iiphenoix,2019-12-31T06:22:20Z
231040270,https://github.com/ohyj1002/persuasionforgood,ohyj1002,2019-12-31T06:39:25Z
231037210,https://github.com/Teanlouise/Blackjack,Teanlouise,2019-12-31T06:16:51Z
231038511,https://github.com/HYUNSUNG-IM/coding-for-office-workers,HYUNSUNG-IM,2019-12-31T06:26:36Z
231036720,https://github.com/bondarchukeugene/savings,bondarchukeugene,2019-12-31T06:13:07Z
231040441,https://github.com/sutasicairbynola/my-first-blog,sutasicairbynola,2019-12-31T06:40:33Z
231038135,https://github.com/kefalo/basicSyntax,kefalo,2019-12-31T06:24:02Z
231041859,https://github.com/kjh03160/react_prac,kjh03160,2019-12-31T06:50:50Z
231038847,https://github.com/xiezhongzhao/HandPoseEstimation,xiezhongzhao,2019-12-31T06:29:02Z
231039710,https://github.com/lansejingyu/Python.Web,lansejingyu,2019-12-31T06:35:14Z
231038387,https://github.com/handsomeBoom/Xray-BUAA-Unbalanced,handsomeBoom,2019-12-31T06:25:43Z
231036591,https://github.com/simranbajaj27/Image-Processing-OpenCV,simranbajaj27,2019-12-31T06:12:10Z
231038427,https://github.com/devbijoy274/restaurants,devbijoy274,2019-12-31T06:26:00Z
231040145,https://github.com/LordOfPhys/deformator_copy_work,LordOfPhys,2019-12-31T06:38:24Z
231042688,https://github.com/SenithShre/rock-paper-scissors-game,SenithShre,2019-12-31T06:56:28Z
231038641,https://github.com/RicardoHernandezVarela/Electrocardiograma-Python-Arduino,RicardoHernandezVarela,2019-12-31T06:27:31Z
231035572,https://github.com/SiRumCz/pdf-merge,SiRumCz,2019-12-31T06:04:23Z
231041049,https://github.com/co24428/python_web_django,co24428,2019-12-31T06:44:48Z
231036587,https://github.com/ajrgvan/business_analytics_tool,ajrgvan,2019-12-31T06:12:09Z
231038318,https://github.com/wuyan0714/summarization,wuyan0714,2019-12-31T06:25:17Z
231037306,https://github.com/adespotakis/udacity_etl,adespotakis,2019-12-31T06:17:40Z
231035824,https://github.com/bnusss/NGNC,bnusss,2019-12-31T06:06:26Z
231040341,https://github.com/tianyu23/pythonstudy,tianyu23,2019-12-31T06:39:54Z
231040828,https://github.com/Shivani-joshi-21/HackerEarth_Practice_Solutions,Shivani-joshi-21,2019-12-31T06:43:24Z
231037337,https://github.com/kandation/FBTAFastPublic,kandation,2019-12-31T06:17:54Z
231039621,https://github.com/bpnrockstar/haxter,bpnrockstar,2019-12-31T06:34:34Z
231042686,https://github.com/Alexk00/Alex-random,Alexk00,2019-12-31T06:56:28Z
231038871,https://github.com/FurkanCpr/PlateTracker,FurkanCpr,2019-12-31T06:29:17Z
231041603,https://github.com/SiddhuPython/django_docker,SiddhuPython,2019-12-31T06:48:52Z
231035428,https://github.com/Kushal-kothari/Messaging-App,Kushal-kothari,2019-12-31T06:03:10Z
231037949,https://github.com/vaishnovrg/Electoral-roll-extraction-using-opencv,vaishnovrg,2019-12-31T06:22:49Z
231043078,https://github.com/FanapSoft/pod-sso-python-sdk,FanapSoft,2019-12-31T06:59:06Z
231043109,https://github.com/Alain-TC/kaggle_real_estate,Alain-TC,2019-12-31T06:59:18Z
231039362,https://github.com/Avery2/BackpropFromScratch,Avery2,2019-12-31T06:32:52Z
231039029,https://github.com/tmorovati/plotting_3D,tmorovati,2019-12-31T06:30:26Z
231043002,https://github.com/CrimsonNightZero/Demo-git,CrimsonNightZero,2019-12-31T06:58:25Z
231042451,https://github.com/VaikundSudharsan/machine-learning,VaikundSudharsan,2019-12-31T06:55:06Z
231037980,https://github.com/webvrp/gvrp,webvrp,2019-12-31T06:23:00Z
231038004,https://github.com/mancai111/stock_report,mancai111,2019-12-31T06:23:10Z
231038575,https://github.com/mancai111/Columns_Game,mancai111,2019-12-31T06:27:01Z
231035535,https://github.com/bootless1/first_project1,bootless1,2019-12-31T06:04:01Z
231038966,https://github.com/3jine33/likelion_last_assignment,3jine33,2019-12-31T06:30:01Z
231039512,https://github.com/aishwaryaubhrani/ATM-Automation-System,aishwaryaubhrani,2019-12-31T06:33:54Z
231040961,https://github.com/zhouyu37/devserver,zhouyu37,2019-12-31T06:44:11Z
231036882,https://github.com/eduabi/ReadingNotes,eduabi,2019-12-31T06:14:33Z
231039072,https://github.com/nkgautam/python_script,nkgautam,2019-12-31T06:30:43Z
231041697,https://github.com/joyZombie/JoySmartSteelTech,joyZombie,2019-12-31T06:49:39Z
231042944,https://github.com/ArchitW/programming-recipes,ArchitW,2019-12-31T06:58:01Z
231041040,https://github.com/KG97python/practicing_algorithims,KG97python,2019-12-31T06:44:44Z
231037494,https://github.com/vovaekb/django_microblog,vovaekb,2019-12-31T06:19:15Z
231040193,https://github.com/wnsdus306/react_django_CRUD,wnsdus306,2019-12-31T06:38:50Z
231041407,https://github.com/Ming-jue/bghaigou,Ming-jue,2019-12-31T06:47:11Z
231042461,https://github.com/ravichandr88/dataanalysis,ravichandr88,2019-12-31T06:55:11Z
231038497,https://github.com/smc181002/tic_tac_toe,smc181002,2019-12-31T06:26:30Z
231038543,https://github.com/andrewjumanca/GEMSEC,andrewjumanca,2019-12-31T06:26:50Z
231035682,https://github.com/ceylonprogrammer/VideoAPI,ceylonprogrammer,2019-12-31T06:05:21Z
231036920,https://github.com/soheiltehranipour/First_Flask,soheiltehranipour,2019-12-31T06:14:54Z
231036686,https://github.com/mancai111/File_Finder,mancai111,2019-12-31T06:12:53Z
231037687,https://github.com/zagoranov/bingo,zagoranov,2019-12-31T06:20:41Z
231041152,https://github.com/jia19830602/AII-linebot,jia19830602,2019-12-31T06:45:26Z
231035889,https://github.com/NavTheRaj/python,NavTheRaj,2019-12-31T06:06:55Z
231041899,https://github.com/1328497946/Django-1.8-Learning,1328497946,2019-12-31T06:51:09Z
231040987,https://github.com/vikas2311/Music_Classification,vikas2311,2019-12-31T06:44:20Z
231035933,https://github.com/Mr-Piyush-Kumar/contraction_dictionary,Mr-Piyush-Kumar,2019-12-31T06:07:16Z
231038408,https://github.com/yeji96/music,yeji96,2019-12-31T06:25:52Z
231042505,https://github.com/orlandotrejo/phantom_troupe,orlandotrejo,2019-12-31T06:55:25Z
231036872,https://github.com/Rectambe/python3-minis,Rectambe,2019-12-31T06:14:29Z
231039218,https://github.com/ejie3000/py_program,ejie3000,2019-12-31T06:31:53Z
231038243,https://github.com/seobin1206/seobinbot,seobin1206,2019-12-31T06:24:51Z
231039414,https://github.com/etinaude/Wiki-game,etinaude,2019-12-31T06:33:12Z
231041646,https://github.com/devwaseem/chrsma-backend,devwaseem,2019-12-31T06:49:16Z