4067434,https://github.com/andialbrecht/sqlparse,andialbrecht,2012-04-18T19:33:21Z
4067616,https://github.com/gmr/helper,gmr,2012-04-18T19:51:54Z
4067197,https://github.com/Natim/PyTalk,Natim,2012-04-18T19:08:10Z
4067679,https://github.com/quack1/Honeypot-Scapy,quack1,2012-04-18T19:58:20Z
4067541,https://github.com/ehelms/Opus,ehelms,2012-04-18T19:44:51Z
4067660,https://github.com/chriscannon/Gprowl,chriscannon,2012-04-18T19:57:03Z
4067457,https://github.com/lehoanganh/murder,lehoanganh,2012-04-18T19:36:17Z
4067502,https://github.com/razvan/jutil,razvan,2012-04-18T19:40:55Z