1955987,https://github.com/kleenmicha/Gallery3-Notification-Extended,kleenmicha,2011-06-26T14:50:51Z
1955927,https://github.com/erastream/EraStream,erastream,2011-06-26T14:31:06Z
1955967,https://github.com/iraide03061999/credits-api-sample,iraide03061999,2011-06-26T14:46:05Z
1955951,https://github.com/ipf/issuu,ipf,2011-06-26T14:40:49Z