6042314,https://github.com/simonluijk/django-invoice,simonluijk,2012-10-02T08:48:32Z
6042399,https://github.com/kriomant/markdown-habrahabr,kriomant,2012-10-02T08:56:43Z
6042384,https://github.com/edlich/education,edlich,2012-10-02T08:55:39Z
6042264,https://github.com/tiwilliam/entertainer,tiwilliam,2012-10-02T08:43:20Z
6042416,https://github.com/byteofprash/Scripts,byteofprash,2012-10-02T08:58:33Z
6042039,https://github.com/lpouillo/topo5k,lpouillo,2012-10-02T08:21:14Z