144787190,https://github.com/goldzhang814/ppshop,goldzhang814,2018-08-15T00:51:09Z
144787370,https://github.com/suleymansevimli/setup-wizard,suleymansevimli,2018-08-15T00:54:03Z
144786962,https://github.com/BuntyKumari/School-AdminDashboard,BuntyKumari,2018-08-15T00:47:33Z
144786514,https://github.com/330132662/wechat,330132662,2018-08-15T00:40:11Z
144786262,https://github.com/nexlukic/zadatak,nexlukic,2018-08-15T00:36:02Z
144784952,https://github.com/valicm/commerce_coupon_conditions,valicm,2018-08-15T00:14:57Z
144785003,https://github.com/kronos93/laravel-blog,kronos93,2018-08-15T00:15:40Z
144784345,https://github.com/MariaMarinCardona/Test1,MariaMarinCardona,2018-08-15T00:04:26Z
144785321,https://github.com/eleanny/tonerChile,eleanny,2018-08-15T00:20:54Z
144786954,https://github.com/pmpeloc/cloudpay,pmpeloc,2018-08-15T00:47:22Z
144787127,https://github.com/IlhamTahir/co-work-server,IlhamTahir,2018-08-15T00:50:01Z
144785584,https://github.com/chico3434/tarefas,chico3434,2018-08-15T00:25:28Z
144784135,https://github.com/rebyers/sum18-web120,rebyers,2018-08-15T00:01:42Z
144787273,https://github.com/dmajidian/MajidianDisableprice,dmajidian,2018-08-15T00:52:34Z
144786345,https://github.com/rzk1988/steam,rzk1988,2018-08-15T00:37:15Z
144786444,https://github.com/doryschg/api_sicti,doryschg,2018-08-15T00:39:07Z
144787176,https://github.com/DouglasFantoni/site,DouglasFantoni,2018-08-15T00:50:57Z
144785719,https://github.com/anjotadena/tdd-laravel,anjotadena,2018-08-15T00:27:44Z
144787305,https://github.com/zimuwanyue/php_basics,zimuwanyue,2018-08-15T00:53:00Z
144785863,https://github.com/00F100/fcphp-service,00F100,2018-08-15T00:30:07Z
144787636,https://github.com/Monkis74/Aro-MN-Notifier,Monkis74,2018-08-15T00:57:51Z
144784840,https://github.com/timothymarois/basephp-alerts-api,timothymarois,2018-08-15T00:13:06Z
144784395,https://github.com/maicol11/esp-mcds-2018,maicol11,2018-08-15T00:05:16Z