124323,https://github.com/NeilCrosby/hoffify,NeilCrosby,2009-02-08T13:16:09Z