152615477,https://github.com/K-Kraken/Media-Library-Organiser,K-Kraken,2018-10-11T15:36:07Z
152618176,https://github.com/JackDinn/tbtray,JackDinn,2018-10-11T15:55:04Z
152613719,https://github.com/3inchtime/mmjpg_spider,3inchtime,2018-10-11T15:24:26Z
152614496,https://github.com/fitle-dev/scikit-deploy,fitle-dev,2018-10-11T15:29:54Z
152615831,https://github.com/icane/pyaxis,icane,2018-10-11T15:38:37Z
152611257,https://github.com/aig-upf/gridenvs,aig-upf,2018-10-11T15:07:33Z
152610629,https://github.com/BehzadBozorgtabar/LTS5_FER,BehzadBozorgtabar,2018-10-11T15:03:00Z
152616709,https://github.com/archit-p/simplest-oblivious-transfer,archit-p,2018-10-11T15:44:54Z
152617106,https://github.com/bobaseb/neural_sim_measures,bobaseb,2018-10-11T15:47:47Z
152615598,https://github.com/f18-os/nora-file-transfer-andresllh,f18-os,2018-10-11T15:36:50Z
152615211,https://github.com/f18-os/nora-file-transfer-rafalopez15,f18-os,2018-10-11T15:34:32Z
152612267,https://github.com/Sprk-nl/goodwe_sems_portal_scraper,Sprk-nl,2018-10-11T15:14:14Z
152610691,https://github.com/KTCrisis/weibull_cpu,KTCrisis,2018-10-11T15:03:25Z
152617547,https://github.com/hzi-bifo/seq2geno2pheno,hzi-bifo,2018-10-11T15:50:44Z
152618295,https://github.com/gagejane/Terrorism-NonViolent,gagejane,2018-10-11T15:55:58Z
152612474,https://github.com/NikZy/Keypad-controller,NikZy,2018-10-11T15:15:38Z
152614161,https://github.com/santictz/automate-boring-work,santictz,2018-10-11T15:27:28Z
152618665,https://github.com/teascavenger/flexcalc,teascavenger,2018-10-11T15:58:31Z
152614431,https://github.com/mimirblockchainsolutions/Asega,mimirblockchainsolutions,2018-10-11T15:29:26Z
152612739,https://github.com/l0mak/talking_pineapple,l0mak,2018-10-11T15:17:18Z
152617643,https://github.com/airtonfilho04/smart-green,airtonfilho04,2018-10-11T15:51:26Z
152616387,https://github.com/Tyrone-Zhao/AutotestPlatform,Tyrone-Zhao,2018-10-11T15:42:29Z
152611015,https://github.com/kian98/NLP_lab,kian98,2018-10-11T15:05:51Z
152610735,https://github.com/james-m-tubbs/redis-enterprise-notes,james-m-tubbs,2018-10-11T15:03:44Z
152616963,https://github.com/f18-os/nora-file-transfer-scfonowy,f18-os,2018-10-11T15:46:40Z
152611604,https://github.com/acl21/pyqt5-stuff,acl21,2018-10-11T15:09:53Z
152615679,https://github.com/f18-os/nora-file-transfer-sebnunez6,f18-os,2018-10-11T15:37:32Z
152613991,https://github.com/riniguez91/year-13,riniguez91,2018-10-11T15:26:26Z
152618755,https://github.com/DanOS2015/Custom_Decision_Tree,DanOS2015,2018-10-11T15:59:14Z
152614038,https://github.com/diopwas/tests2,diopwas,2018-10-11T15:26:47Z
152614057,https://github.com/narisasingngam/Travel-Planner,narisasingngam,2018-10-11T15:26:52Z
152613695,https://github.com/cjd5653/pig_latin,cjd5653,2018-10-11T15:24:15Z
152615373,https://github.com/cgiohidalgo/uncodeuv,cgiohidalgo,2018-10-11T15:35:33Z
152615047,https://github.com/f18-os/nora-file-transfer-DxExWxExY,f18-os,2018-10-11T15:33:37Z
152615068,https://github.com/f18-os/nora-file-transfer-mtzfernando,f18-os,2018-10-11T15:33:43Z
152615075,https://github.com/f18-os/nora-file-transfer-jesusguerecab,f18-os,2018-10-11T15:33:45Z
152613323,https://github.com/DAWN-XS/card_manage,DAWN-XS,2018-10-11T15:21:29Z
152615447,https://github.com/f18-os/nora-file-transfer-SushiRoll53,f18-os,2018-10-11T15:35:58Z
152615458,https://github.com/f18-os/nora-file-transfer-oiricaud,f18-os,2018-10-11T15:36:00Z
152611914,https://github.com/iamjunwei/PhotoshopAlgorithms,iamjunwei,2018-10-11T15:11:52Z
152615129,https://github.com/f18-os/nora-file-transfer-agarcia132,f18-os,2018-10-11T15:34:01Z
152615167,https://github.com/FinalDigit/PythonBasics,FinalDigit,2018-10-11T15:34:17Z
152615227,https://github.com/Tonie253/CM1101,Tonie253,2018-10-11T15:34:37Z
152615303,https://github.com/f18-os/nora-file-transfer-SpottieTea,f18-os,2018-10-11T15:35:11Z
152617972,https://github.com/PierrickHunter/calculatrisse,PierrickHunter,2018-10-11T15:53:35Z
152614843,https://github.com/thijsishiernietgoedinaarts/school2,thijsishiernietgoedinaarts,2018-10-11T15:32:09Z
152616714,https://github.com/SujeethS/trail,SujeethS,2018-10-11T15:44:56Z
152613704,https://github.com/pushpendradahiya/Department-Management-System,pushpendradahiya,2018-10-11T15:24:21Z
152615074,https://github.com/f18-os/nora-file-transfer-joseloga,f18-os,2018-10-11T15:33:45Z
152615353,https://github.com/f18-os/nora-file-transfer-Jeflex,f18-os,2018-10-11T15:35:26Z
152616089,https://github.com/nezse/some_methods_mm_analysis,nezse,2018-10-11T15:40:19Z
152616110,https://github.com/elpsycongroo-kira/innovaccer_hackercamp,elpsycongroo-kira,2018-10-11T15:40:27Z
152618135,https://github.com/jeffmd/bCNC,jeffmd,2018-10-11T15:54:47Z
152618642,https://github.com/mehohn/a2j-builder,mehohn,2018-10-11T15:58:22Z
152617022,https://github.com/Harrysibbenga/quiz.py,Harrysibbenga,2018-10-11T15:47:05Z
152617082,https://github.com/cs-fullstack-fall-2018/django-template-hierarchy1-jpark1914,cs-fullstack-fall-2018,2018-10-11T15:47:35Z
152615331,https://github.com/f18-os/nora-file-transfer-jeavila6,f18-os,2018-10-11T15:35:19Z
152615398,https://github.com/f18-os/nora-file-transfer-MiguelAZam,f18-os,2018-10-11T15:35:39Z
152615060,https://github.com/f18-os/nora-file-transfer-michelle53,f18-os,2018-10-11T15:33:41Z
152612760,https://github.com/hodroge/calculatrice,hodroge,2018-10-11T15:17:25Z
152612032,https://github.com/MulyukovAidar/react_native_app,MulyukovAidar,2018-10-11T15:12:36Z
152615659,https://github.com/Tanbouz/cloudformation-django-sample,Tanbouz,2018-10-11T15:37:22Z
152612317,https://github.com/caipeiyang1314/smartgo,caipeiyang1314,2018-10-11T15:14:33Z
152617543,https://github.com/l3robot/toy_datasets,l3robot,2018-10-11T15:50:43Z
152610568,https://github.com/curiousmaster/MACBeth,curiousmaster,2018-10-11T15:02:37Z
152614471,https://github.com/muruw/Music-player,muruw,2018-10-11T15:29:46Z
152617197,https://github.com/sunilsu/primes,sunilsu,2018-10-11T15:48:22Z
152611157,https://github.com/bonniewhy/hello-flask,bonniewhy,2018-10-11T15:06:49Z
152610471,https://github.com/ytz4178/simplespyder,ytz4178,2018-10-11T15:02:00Z
152616141,https://github.com/crdunn/python-challenge,crdunn,2018-10-11T15:40:42Z
152616358,https://github.com/robmcmullen/omnivore_framework,robmcmullen,2018-10-11T15:42:17Z
152611952,https://github.com/chrismarydowling/computingbingo,chrismarydowling,2018-10-11T15:12:06Z
152615868,https://github.com/BU-ISCIII/download_bigsdb_api,BU-ISCIII,2018-10-11T15:38:47Z
152616012,https://github.com/cs-fullstack-fall-2018/django-template-hierarchy1-CalebC94,cs-fullstack-fall-2018,2018-10-11T15:39:47Z
152615124,https://github.com/f18-os/nora-file-transfer-alira33,f18-os,2018-10-11T15:34:00Z
152615146,https://github.com/f18-os/nora-file-transfer-paskuache,f18-os,2018-10-11T15:34:07Z
152615172,https://github.com/f18-os/nora-file-transfer-sanchezl391,f18-os,2018-10-11T15:34:19Z
152613089,https://github.com/BenjBenj/image_processing,BenjBenj,2018-10-11T15:19:55Z
152618267,https://github.com/f18-os/nora-file-transfer-adavilamurra,f18-os,2018-10-11T15:55:46Z
152614788,https://github.com/bishnucit/Pytorch_learning,bishnucit,2018-10-11T15:31:46Z
152614988,https://github.com/chowhan/CS342,chowhan,2018-10-11T15:33:10Z
152611954,https://github.com/Noonayah/FLASK,Noonayah,2018-10-11T15:12:06Z
152615525,https://github.com/f18-os/nora-file-transfer-judit8ha,f18-os,2018-10-11T15:36:24Z
152615581,https://github.com/f18-os/nora-file-transfer-zacharybell,f18-os,2018-10-11T15:36:45Z
152618221,https://github.com/zhangyanzlk/spider4anjuke,zhangyanzlk,2018-10-11T15:55:26Z
152612435,https://github.com/caipeiyang1314/peiyang,caipeiyang1314,2018-10-11T15:15:23Z
152616194,https://github.com/f18-os/nora-file-transfer-isanchez340,f18-os,2018-10-11T15:41:05Z
152616288,https://github.com/AntaeusNar/PythonCC,AntaeusNar,2018-10-11T15:41:43Z
152611567,https://github.com/tapchik/transformer,tapchik,2018-10-11T15:09:38Z
152612233,https://github.com/itzmridul/weatherApp,itzmridul,2018-10-11T15:14:00Z
152617786,https://github.com/DonMacary/PythonNetworking,DonMacary,2018-10-11T15:52:19Z
152617843,https://github.com/asvedr/pacman,asvedr,2018-10-11T15:52:42Z
152615057,https://github.com/f18-os/nora-file-transfer-cwtovar,f18-os,2018-10-11T15:33:39Z
152615107,https://github.com/f18-os/nora-file-transfer-jimmmyjoe,f18-os,2018-10-11T15:33:52Z
152611373,https://github.com/Mugicha/UtilTools,Mugicha,2018-10-11T15:08:20Z
152614197,https://github.com/Fszta/Ultrasonic-sensor,Fszta,2018-10-11T15:27:45Z
152612784,https://github.com/mrcsptr/dossier-adnane,mrcsptr,2018-10-11T15:17:40Z
152612310,https://github.com/mozayed/Network_Automation,mozayed,2018-10-11T15:14:30Z
152614596,https://github.com/SalzmannJoel/WIPRO-Crawler,SalzmannJoel,2018-10-11T15:30:35Z
152611536,https://github.com/solinj/JINJ,solinj,2018-10-11T15:09:24Z
152617250,https://github.com/Dodoeniel/ArtificialSignals,Dodoeniel,2018-10-11T15:48:41Z
152617297,https://github.com/eduardagoulart/metodos_numericos,eduardagoulart,2018-10-11T15:49:03Z
152617370,https://github.com/singh-utkarsh/Ethnic_Race_Identification,singh-utkarsh,2018-10-11T15:49:33Z
152615035,https://github.com/f18-os/nora-file-transfer-smedina7,f18-os,2018-10-11T15:33:30Z
152615117,https://github.com/f18-os/nora-file-transfer-lcjimenez21,f18-os,2018-10-11T15:33:55Z
152615401,https://github.com/f18-os/nora-file-transfer-Trdodson,f18-os,2018-10-11T15:35:40Z
152614736,https://github.com/ArtemyMagarin/elibrary_scraper,ArtemyMagarin,2018-10-11T15:31:27Z
152617193,https://github.com/m3ngineer/interview-generator,m3ngineer,2018-10-11T15:48:21Z
152611915,https://github.com/Kornson/IATestRegex,Kornson,2018-10-11T15:11:53Z
152613530,https://github.com/johnnystene576/monthly-home-cost-calc,johnnystene576,2018-10-11T15:22:57Z
152613599,https://github.com/flyhansfly/mine,flyhansfly,2018-10-11T15:23:30Z
152617692,https://github.com/jkumar10/Dynamic-Programming,jkumar10,2018-10-11T15:51:45Z
152614715,https://github.com/mmackay21724/CFP,mmackay21724,2018-10-11T15:31:18Z
152612160,https://github.com/thomasdeegan6298/testRepo,thomasdeegan6298,2018-10-11T15:13:29Z
152615308,https://github.com/f18-os/nora-file-transfer-jeramirezcarrasco,f18-os,2018-10-11T15:35:12Z
152615318,https://github.com/f18-os/nora-file-transfer-sloya4,f18-os,2018-10-11T15:35:15Z
152617980,https://github.com/SwitchCaseKam/testrepo,SwitchCaseKam,2018-10-11T15:53:39Z
152610829,https://github.com/xingfengsoft/tools,xingfengsoft,2018-10-11T15:04:25Z
152616582,https://github.com/Mereder/logistic,Mereder,2018-10-11T15:43:55Z
152610245,https://github.com/tolism/NeuralNetworkPerceptron,tolism,2018-10-11T15:00:37Z
152614212,https://github.com/BenjBenj/mortality_analysis,BenjBenj,2018-10-11T15:27:51Z
152615116,https://github.com/f18-os/nora-file-transfer-juranga,f18-os,2018-10-11T15:33:55Z
152615359,https://github.com/andre-coelho00/messenger-bot,andre-coelho00,2018-10-11T15:35:28Z
152615377,https://github.com/f18-os/nora-file-transfer-bwrobertson,f18-os,2018-10-11T15:35:34Z
152615410,https://github.com/f18-os/nora-file-transfer-magiking,f18-os,2018-10-11T15:35:43Z
152615418,https://github.com/dunkacinno/MonsterAliasGen,dunkacinno,2018-10-11T15:35:46Z
152618618,https://github.com/lihaobhsfer/bytes,lihaobhsfer,2018-10-11T15:58:12Z
152612805,https://github.com/rubenheeroo/tp_heur,rubenheeroo,2018-10-11T15:17:50Z
152610609,https://github.com/GALLENDE/Python-examples,GALLENDE,2018-10-11T15:02:52Z
152615136,https://github.com/prashjet/eso_badges,prashjet,2018-10-11T15:34:04Z
152615313,https://github.com/doorenboschrs/HBOPython,doorenboschrs,2018-10-11T15:35:14Z
152610985,https://github.com/utiogul/first,utiogul,2018-10-11T15:05:41Z
152610766,https://github.com/Sergiy-1998/CountCostID,Sergiy-1998,2018-10-11T15:03:59Z
152616660,https://github.com/xxnmxx/ml2,xxnmxx,2018-10-11T15:44:32Z
152616324,https://github.com/AlexHamburg/RNN,AlexHamburg,2018-10-11T15:42:04Z
152613496,https://github.com/mines-nancy-tcss5ac-2018/td1-CamilleSitz,mines-nancy-tcss5ac-2018,2018-10-11T15:22:42Z
152615470,https://github.com/f18-os/nora-file-transfer-germain40,f18-os,2018-10-11T15:36:04Z
152615665,https://github.com/forever-xiaohao/MyPython,forever-xiaohao,2018-10-11T15:37:23Z
152611341,https://github.com/xOpsTech/xViewTech,xOpsTech,2018-10-11T15:08:07Z
152611386,https://github.com/mangamangorita/winterMute,mangamangorita,2018-10-11T15:08:25Z
152612417,https://github.com/terrible-coder/well,terrible-coder,2018-10-11T15:15:14Z
152612493,https://github.com/quaeritis/Ktransfer2600,quaeritis,2018-10-11T15:15:47Z
152612011,https://github.com/qiuchunliu/chengfabiao,qiuchunliu,2018-10-11T15:12:30Z
152617655,https://github.com/lxorz/ftp_client,lxorz,2018-10-11T15:51:32Z
152612660,https://github.com/zkhawaja/facture,zkhawaja,2018-10-11T15:16:47Z
152615675,https://github.com/f18-os/nora-file-transfer-begalvan,f18-os,2018-10-11T15:37:31Z
152615048,https://github.com/f18-os/nora-file-transfer-pgua90,f18-os,2018-10-11T15:33:38Z
152618787,https://github.com/teascavenger/flextomo,teascavenger,2018-10-11T15:59:29Z
152616700,https://github.com/giovannicampa/Pole-Balancing-with-Neural-Nework,giovannicampa,2018-10-11T15:44:50Z
152613658,https://github.com/patriotina/geekbots,patriotina,2018-10-11T15:23:55Z
152611177,https://github.com/mshenron/TF-MangaColorization,mshenron,2018-10-11T15:06:58Z
152613241,https://github.com/SlGunz/django-article,SlGunz,2018-10-11T15:20:58Z
152610359,https://github.com/ergor/zas,ergor,2018-10-11T15:01:13Z
152615540,https://github.com/f18-os/nora-file-transfer-jcastro16,f18-os,2018-10-11T15:36:28Z
152615576,https://github.com/f18-os/nora-file-transfer-jhuerta6,f18-os,2018-10-11T15:36:42Z
152615653,https://github.com/TCLRainbow/XMRustom,TCLRainbow,2018-10-11T15:37:19Z
152615188,https://github.com/f18-os/nora-file-transfer-briveron,f18-os,2018-10-11T15:34:24Z
152615304,https://github.com/phamcong/incidents-prediction-backend,phamcong,2018-10-11T15:35:11Z
152611619,https://github.com/wustczx/NLPLearning,wustczx,2018-10-11T15:09:58Z
152611788,https://github.com/larry1101/JpegDecoder,larry1101,2018-10-11T15:11:04Z
152613555,https://github.com/unique1o1/Measuring-distance-between-objects-,unique1o1,2018-10-11T15:23:08Z
152617195,https://github.com/Xilosopher/XLab,Xilosopher,2018-10-11T15:48:22Z
152618803,https://github.com/SkriiL/chat,SkriiL,2018-10-11T15:59:36Z
152615781,https://github.com/mines-nancy-tcss5ac-2018/td1-eliottunivlorraine,mines-nancy-tcss5ac-2018,2018-10-11T15:38:14Z
152615064,https://github.com/f18-os/nora-file-transfer-sithlord33,f18-os,2018-10-11T15:33:42Z
152615352,https://github.com/f18-os/nora-file-transfer-lunavictor068,f18-os,2018-10-11T15:35:25Z
152618128,https://github.com/Tgarner82/build-a-blog,Tgarner82,2018-10-11T15:54:43Z
152618308,https://github.com/lindaxiang/object-mismatch-fix,lindaxiang,2018-10-11T15:56:02Z
152610389,https://github.com/marksal87/snippets,marksal87,2018-10-11T15:01:28Z
152611346,https://github.com/bakuppus/awx,bakuppus,2018-10-11T15:08:09Z
152616826,https://github.com/paolodoors/face_recognition_ocv,paolodoors,2018-10-11T15:45:43Z
152617891,https://github.com/Bilbonet/odoo-project,Bilbonet,2018-10-11T15:52:58Z
152618559,https://github.com/YohannM/Apprentissage-Python,YohannM,2018-10-11T15:57:50Z
152613690,https://github.com/aszenz/predict_kashir_cheez_api,aszenz,2018-10-11T15:24:13Z
152616091,https://github.com/jackglaister/CM1101,jackglaister,2018-10-11T15:40:19Z
152613296,https://github.com/FinalDigit/DigitalShadow,FinalDigit,2018-10-11T15:21:22Z
152615154,https://github.com/f18-os/nora-file-transfer-john17727,f18-os,2018-10-11T15:34:10Z
152615284,https://github.com/f18-os/nora-file-transfer-coughfeem8,f18-os,2018-10-11T15:35:04Z
152616913,https://github.com/mostovarpour/python-whois,mostovarpour,2018-10-11T15:46:15Z
152616197,https://github.com/YohannM/Graphe_Arbres,YohannM,2018-10-11T15:41:06Z
152617389,https://github.com/Xilosopher/TensorFlow_Learning,Xilosopher,2018-10-11T15:49:41Z
152613781,https://github.com/govardhanharish/DeepLogo,govardhanharish,2018-10-11T15:24:53Z
152617676,https://github.com/storres8/09-Objects-and-Data-Structures-Assessment-Test,storres8,2018-10-11T15:51:40Z
152618806,https://github.com/Hetsukiro/MSG,Hetsukiro,2018-10-11T15:59:38Z
152618549,https://github.com/dollarpo7/tested,dollarpo7,2018-10-11T15:57:44Z
152616740,https://github.com/BurumbayS/Froot.kz,BurumbayS,2018-10-11T15:45:08Z
152610910,https://github.com/gaidaum/django,gaidaum,2018-10-11T15:05:10Z
152611146,https://github.com/thomasqueirozb/WhatsApp-bot,thomasqueirozb,2018-10-11T15:06:44Z
152616340,https://github.com/syslover33/gplay,syslover33,2018-10-11T15:42:11Z
152613822,https://github.com/BenjBenj/data_gathering,BenjBenj,2018-10-11T15:25:12Z
152615121,https://github.com/f18-os/nora-file-transfer-Sebastianxq,f18-os,2018-10-11T15:33:59Z
152615423,https://github.com/f18-os/nora-file-transfer-fidler3,f18-os,2018-10-11T15:35:49Z
152616417,https://github.com/carsault/HarmonicSpace,carsault,2018-10-11T15:42:39Z
152615668,https://github.com/solinj/DECORATEURS,solinj,2018-10-11T15:37:24Z
152614615,https://github.com/samuraijourney/autonomous_racecar,samuraijourney,2018-10-11T15:30:39Z
152618585,https://github.com/ArsenUa/TestMobileProject,ArsenUa,2018-10-11T15:58:01Z
152615173,https://github.com/f18-os/nora-file-transfer-aorquiz4,f18-os,2018-10-11T15:34:19Z
152611620,https://github.com/barnrang/tse-experiment-b-kanda-lab,barnrang,2018-10-11T15:09:58Z
152611657,https://github.com/ruizhilijhu/multi-stream,ruizhilijhu,2018-10-11T15:10:15Z
152612091,https://github.com/navinthenapster/Flask-tutorial,navinthenapster,2018-10-11T15:13:03Z
152610651,https://github.com/Joshuashaffer189/user-signup,Joshuashaffer189,2018-10-11T15:03:10Z
152615681,https://github.com/f18-os/nora-file-transfer-adiaz2,f18-os,2018-10-11T15:37:35Z
152618678,https://github.com/LXH-TK/crawler_neteaseMusic,LXH-TK,2018-10-11T15:58:35Z
152618704,https://github.com/al3xk3nny/oct_11_day24,al3xk3nny,2018-10-11T15:58:54Z
152615379,https://github.com/f18-os/nora-file-transfer-2013rjones,f18-os,2018-10-11T15:35:34Z
152615297,https://github.com/yarkalyba/algo_lab3,yarkalyba,2018-10-11T15:35:10Z
152616651,https://github.com/Qian-Peng/unex_demo,Qian-Peng,2018-10-11T15:44:27Z
152615642,https://github.com/timlevett/team-stats,timlevett,2018-10-11T15:37:13Z
152611282,https://github.com/MarianaRib/project,MarianaRib,2018-10-11T15:07:44Z
152615274,https://github.com/misbahulard/ids_to_stix,misbahulard,2018-10-11T15:35:00Z
152613002,https://github.com/ayushghai1702/Scalable-Assignment,ayushghai1702,2018-10-11T15:19:14Z
152615044,https://github.com/f18-os/nora-file-transfer-Vallain66,f18-os,2018-10-11T15:33:34Z
152613979,https://github.com/sharedcloud/sharedcloud-examples,sharedcloud,2018-10-11T15:26:22Z
152614541,https://github.com/ulfrheimr/prop,ulfrheimr,2018-10-11T15:30:15Z
152618141,https://github.com/Jordanzuo/Algorithm,Jordanzuo,2018-10-11T15:54:50Z
152617391,https://github.com/DonMacary/Python,DonMacary,2018-10-11T15:49:41Z
152612236,https://github.com/tronsha/phydra,tronsha,2018-10-11T15:14:02Z
152615796,https://github.com/mekkl/Snoefter,mekkl,2018-10-11T15:38:21Z
152615916,https://github.com/f18-os/nora-file-transfer-ealara3,f18-os,2018-10-11T15:39:11Z
152616098,https://github.com/Noonayah/duree,Noonayah,2018-10-11T15:40:21Z
152616695,https://github.com/Jonni080292/srcejecutables36x32,Jonni080292,2018-10-11T15:44:49Z
152611882,https://github.com/ronneyzhang/learngit,ronneyzhang,2018-10-11T15:11:39Z
152610524,https://github.com/joseph-palmer/ReadTree,joseph-palmer,2018-10-11T15:02:19Z
152615178,https://github.com/f18-os/nora-file-transfer-isaigonz48,f18-os,2018-10-11T15:34:22Z
152615198,https://github.com/f18-os/nora-file-transfer-dgarciaher,f18-os,2018-10-11T15:34:30Z
152614091,https://github.com/samaks12/gitex,samaks12,2018-10-11T15:27:04Z
152618180,https://github.com/prozrtr/test,prozrtr,2018-10-11T15:55:07Z
152618403,https://github.com/cs-fullstack-fall-2018/django-template-hierarchy1-cgarciapieto,cs-fullstack-fall-2018,2018-10-11T15:56:44Z
152610897,https://github.com/hamzaali4231/python,hamzaali4231,2018-10-11T15:05:04Z
152613638,https://github.com/babsey/nest-server,babsey,2018-10-11T15:23:47Z
152617571,https://github.com/lxorz/ftp_server,lxorz,2018-10-11T15:50:56Z
152617581,https://github.com/clarke1499/senseHat,clarke1499,2018-10-11T15:51:01Z
152611387,https://github.com/pvargos17/django-polls,pvargos17,2018-10-11T15:08:25Z
152618356,https://github.com/zgh551/VehicleModulePathPlanning,zgh551,2018-10-11T15:56:23Z
152615727,https://github.com/chocolateHszd/DQN_DDQN,chocolateHszd,2018-10-11T15:37:53Z
152617027,https://github.com/cataclysmic/batchPdfFormFill,cataclysmic,2018-10-11T15:47:08Z
152615914,https://github.com/johnrest/mode_trans,johnrest,2018-10-11T15:39:09Z
152616120,https://github.com/olgarogova86/mytest,olgarogova86,2018-10-11T15:40:31Z
152611740,https://github.com/aleksimyllyoja/tolo-terminal,aleksimyllyoja,2018-10-11T15:10:47Z
152610951,https://github.com/alexklavens/presidential_commencement_speeches,alexklavens,2018-10-11T15:05:27Z
152615507,https://github.com/palday/pybv,palday,2018-10-11T15:36:19Z
152615134,https://github.com/f18-os/nora-file-transfer-fa-student,f18-os,2018-10-11T15:34:04Z
152615183,https://github.com/f18-os/nora-file-transfer-reyesan1,f18-os,2018-10-11T15:34:23Z