459215,https://github.com/evgeni/python-rfkill,evgeni,2010-01-05T11:13:55Z