18418842,https://github.com/iATSPayments/com.iatspayments.civicrm,iATSPayments,2014-04-03T21:28:15Z
18418106,https://github.com/svn2github/resourcespace,svn2github,2014-04-03T21:00:38Z
18418776,https://github.com/sasatarbuk/lircagent,sasatarbuk,2014-04-03T21:25:49Z
18418736,https://github.com/atttune/atttune,atttune,2014-04-03T21:24:14Z
18419525,https://github.com/rixxi/shared-file-cache,rixxi,2014-04-03T21:57:25Z
18418447,https://github.com/FatherShawn/NYC-CiviCRM-Ref-Demo,FatherShawn,2014-04-03T21:14:39Z
18418162,https://github.com/abazzani/Phising,abazzani,2014-04-03T21:02:54Z
18418275,https://github.com/FatherShawn/NYC-CiviCRM-Picture-Demo,FatherShawn,2014-04-03T21:07:00Z
18418807,https://github.com/ybozhko/mahara,ybozhko,2014-04-03T21:26:52Z
18419475,https://github.com/tahirkhan/press-engine,tahirkhan,2014-04-03T21:54:51Z
18419189,https://github.com/MattHousehold/DrDr-,MattHousehold,2014-04-03T21:41:54Z
18419333,https://github.com/JohnVanOrange/Core,JohnVanOrange,2014-04-03T21:48:29Z
18418305,https://github.com/maufarinelli/timeline,maufarinelli,2014-04-03T21:08:15Z
18418398,https://github.com/jcglp/political-map-spain-1.1.6,jcglp,2014-04-03T21:13:01Z