194151280,https://github.com/trevor-laher/OnDemandMinecraft,trevor-laher,2019-06-27T19:22:21Z
194149984,https://github.com/erictuanle/GoingDeeperwPointNetworks,erictuanle,2019-06-27T19:11:42Z
194150547,https://github.com/syedfahadsultan/DeepWalkWithNeo,syedfahadsultan,2019-06-27T19:16:06Z
194154648,https://github.com/brbardakci/get-pixel-size-and-color-classification,brbardakci,2019-06-27T19:51:00Z
194151205,https://github.com/nehadesh/ProjectMoodswing,nehadesh,2019-06-27T19:21:40Z
194150502,https://github.com/makomination/createpj,makomination,2019-06-27T19:15:45Z
194151497,https://github.com/DracoMindz/AirBnB_NoSubmit,DracoMindz,2019-06-27T19:24:20Z
194152582,https://github.com/Patrick-Erath/DeepLearning,Patrick-Erath,2019-06-27T19:33:42Z
194149549,https://github.com/andrewlunde/conciletime,andrewlunde,2019-06-27T19:08:11Z
194152104,https://github.com/ianramzy/ai-chatbot,ianramzy,2019-06-27T19:29:41Z
194154914,https://github.com/zedxpace/BlackHatPython-Trojan,zedxpace,2019-06-27T19:53:19Z
194153711,https://github.com/jmcrego/corpora-tools,jmcrego,2019-06-27T19:43:01Z
194153917,https://github.com/masinister/Evolving-an-SNN,masinister,2019-06-27T19:44:47Z
194152648,https://github.com/Prakhar5/Basic-Python,Prakhar5,2019-06-27T19:34:09Z
194149325,https://github.com/Lokesh998/Background-removal,Lokesh998,2019-06-27T19:06:23Z
194153382,https://github.com/alpianon/pandoc-vex,alpianon,2019-06-27T19:40:11Z
194153405,https://github.com/Pedro-D13/Software-Development-Project,Pedro-D13,2019-06-27T19:40:27Z
194154374,https://github.com/amycarpenter/Hartree-Fock,amycarpenter,2019-06-27T19:48:32Z
194153296,https://github.com/Malthehave/Your-questions-answerd,Malthehave,2019-06-27T19:39:33Z
194154216,https://github.com/a-soos/E-14a_Lab1,a-soos,2019-06-27T19:47:00Z
194151416,https://github.com/Sherburn/PyAlgorithms,Sherburn,2019-06-27T19:23:38Z
194153933,https://github.com/carthub/my-ebb-appJen1,carthub,2019-06-27T19:44:52Z
194150465,https://github.com/Phill981/Proxy-crawler,Phill981,2019-06-27T19:15:25Z
194153181,https://github.com/Majtreja/stepic_selenium_course,Majtreja,2019-06-27T19:38:32Z
194150822,https://github.com/JHowell45/template-flask-REST,JHowell45,2019-06-27T19:18:22Z
194153599,https://github.com/SophieMae0/AccelerateWind,SophieMae0,2019-06-27T19:42:07Z
194149743,https://github.com/BastienLaby/badmintonScheduler,BastienLaby,2019-06-27T19:09:52Z
194149263,https://github.com/Dylan-Trollope/PayEx4,Dylan-Trollope,2019-06-27T19:05:52Z
194150216,https://github.com/Wribbe/cv,Wribbe,2019-06-27T19:13:17Z
194149554,https://github.com/CalebeEvangelista/python,CalebeEvangelista,2019-06-27T19:08:12Z
194155690,https://github.com/tannerp/Hebb-Net-Training,tannerp,2019-06-27T19:59:58Z
194152647,https://github.com/dev1-responsify/django-selenium,dev1-responsify,2019-06-27T19:34:08Z
194153921,https://github.com/dcmcwilliams/Tiny-Text-Adventure,dcmcwilliams,2019-06-27T19:44:48Z
194151772,https://github.com/scottctaylor12/graphing-weather,scottctaylor12,2019-06-27T19:26:56Z
194151037,https://github.com/mrcnkkl/movies4ng,mrcnkkl,2019-06-27T19:20:11Z
194148644,https://github.com/lkavanau/Practice_Scripts,lkavanau,2019-06-27T19:00:37Z
194150085,https://github.com/Alexmhack/Django-Hosts-AWSEB-Boilerplate,Alexmhack,2019-06-27T19:12:20Z
194154485,https://github.com/chenty58/nsa_deeplearning,chenty58,2019-06-27T19:49:35Z
194154680,https://github.com/r4phael/rasa_bot,r4phael,2019-06-27T19:51:16Z
194149494,https://github.com/vedun/blog,vedun,2019-06-27T19:07:44Z
194154106,https://github.com/shalinivish001/Logs-Analysis-Project---Udacity-Full-Stack-Web-Developer-Nanodegree,shalinivish001,2019-06-27T19:46:09Z
194151428,https://github.com/kudzan/Hillel,kudzan,2019-06-27T19:23:43Z
194151557,https://github.com/xyzhangfred/DisentangledTransformer,xyzhangfred,2019-06-27T19:24:53Z
194150621,https://github.com/BrianCoombs/learnPython,BrianCoombs,2019-06-27T19:16:43Z
194149028,https://github.com/ZZanetti/Prime-Factorization,ZZanetti,2019-06-27T19:03:58Z
194148652,https://github.com/farzadsh9339/Privacy-Preserving-Data-Transformation,farzadsh9339,2019-06-27T19:00:41Z
194152283,https://github.com/Lejla18/Computer_vision_face_identification,Lejla18,2019-06-27T19:31:03Z
194152766,https://github.com/EduSource/xlsx2csv,EduSource,2019-06-27T19:35:10Z
194151324,https://github.com/tampanensis/SampleSelenium,tampanensis,2019-06-27T19:22:44Z
194154328,https://github.com/kleizson/sitemaker,kleizson,2019-06-27T19:48:03Z
194151691,https://github.com/martinrakovec/comap-hr-scan,martinrakovec,2019-06-27T19:26:08Z
194152127,https://github.com/crowdbotics-apps/fircavr-5285,crowdbotics-apps,2019-06-27T19:29:50Z
194153745,https://github.com/bcharan494/world-hello,bcharan494,2019-06-27T19:43:20Z
194151217,https://github.com/Jackymancs4/addon_scraper,Jackymancs4,2019-06-27T19:21:47Z
194151126,https://github.com/JunqiLoveCoding/cv-projects,JunqiLoveCoding,2019-06-27T19:21:01Z
194152205,https://github.com/deep8302/IoTproject4,deep8302,2019-06-27T19:30:19Z
194149992,https://github.com/griffincF17/RedditDailyProgrammerEasyChallenges,griffincF17,2019-06-27T19:11:47Z
194152936,https://github.com/DaEun09/Deploy-Homework,DaEun09,2019-06-27T19:36:27Z
194154672,https://github.com/amitkishore237/python_projects,amitkishore237,2019-06-27T19:51:11Z
194150250,https://github.com/aschiedermeier/Programming-Essentials-in-Python,aschiedermeier,2019-06-27T19:13:34Z
194153430,https://github.com/kwslam/Post-AP-Projects,kwslam,2019-06-27T19:40:42Z
194155377,https://github.com/faryabimm/DNS_PRJ_SP19,faryabimm,2019-06-27T19:57:05Z
194149986,https://github.com/CrazyMonk404/Machine-Learning-Course-practise-,CrazyMonk404,2019-06-27T19:11:43Z
194150710,https://github.com/RamnathKumar181/Lending-Club-Analysis,RamnathKumar181,2019-06-27T19:17:21Z
194154921,https://github.com/markovblanket/old_reject,markovblanket,2019-06-27T19:53:21Z
194154956,https://github.com/mlo31415/XLSXToDBF,mlo31415,2019-06-27T19:53:42Z
194151478,https://github.com/thiagoftml/chatpython,thiagoftml,2019-06-27T19:24:10Z
194154529,https://github.com/TrinityCTAT/RnaVariantBenchmarking,TrinityCTAT,2019-06-27T19:49:59Z
194151840,https://github.com/cruz96/Trivia-Game,cruz96,2019-06-27T19:27:24Z
194148730,https://github.com/ibrahimcorut/square_completion,ibrahimcorut,2019-06-27T19:01:20Z
194150610,https://github.com/vahidghorbanian/Decision_Trees,vahidghorbanian,2019-06-27T19:16:37Z
194149093,https://github.com/alanrabelo/TuringMachine,alanrabelo,2019-06-27T19:04:27Z
194149742,https://github.com/clbarnes/mpl_colors,clbarnes,2019-06-27T19:09:51Z
194150935,https://github.com/pinkmushrooms/python,pinkmushrooms,2019-06-27T19:19:25Z
194149042,https://github.com/SkinnyFatSumo/Visual-Portfolio-Platform-Django-Production,SkinnyFatSumo,2019-06-27T19:04:04Z
194149628,https://github.com/nandujkishor/identity-legacy,nandujkishor,2019-06-27T19:08:51Z
194155170,https://github.com/duran007/pystart,duran007,2019-06-27T19:55:27Z
194154340,https://github.com/gaskyk/news_clustering,gaskyk,2019-06-27T19:48:07Z
194151693,https://github.com/drummerjoe/joe-helloworld-test,drummerjoe,2019-06-27T19:26:09Z
194151936,https://github.com/trevorh7000/pilot,trevorh7000,2019-06-27T19:28:11Z
194150967,https://github.com/elenasanchez/Exercism,elenasanchez,2019-06-27T19:19:37Z
194154366,https://github.com/xmarts/reporte-cotizacion,xmarts,2019-06-27T19:48:27Z
194151152,https://github.com/henriquehf/LyricsRepetition,henriquehf,2019-06-27T19:21:11Z
194151239,https://github.com/eloisafernandes/RandomPrograms,eloisafernandes,2019-06-27T19:22:00Z
194154457,https://github.com/jogarazi/bloc1,jogarazi,2019-06-27T19:49:23Z
194150849,https://github.com/dersaschahuber/MovieRecommender,dersaschahuber,2019-06-27T19:18:36Z
194153566,https://github.com/diefenbach/lfs-project,diefenbach,2019-06-27T19:41:49Z
194153377,https://github.com/mit41196/2048-Using-Artificial-Intelligence,mit41196,2019-06-27T19:40:05Z
194155171,https://github.com/idrummer83/create-simple-blog,idrummer83,2019-06-27T19:55:28Z
194155275,https://github.com/lucasdeabreuramos/401-models,lucasdeabreuramos,2019-06-27T19:56:14Z
194155338,https://github.com/isabeladuarte/401-academia,isabeladuarte,2019-06-27T19:56:45Z
194152038,https://github.com/deep8302/IoTproject3,deep8302,2019-06-27T19:29:08Z
194152594,https://github.com/dunossauro/behave-gherkin-v6,dunossauro,2019-06-27T19:33:46Z
194154483,https://github.com/diefenbach/lfs-ansible,diefenbach,2019-06-27T19:49:35Z
194150479,https://github.com/kmcjunk/hotstrap,kmcjunk,2019-06-27T19:15:32Z
194151358,https://github.com/juliascript/reach,juliascript,2019-06-27T19:23:08Z
194150177,https://github.com/makomination/algos,makomination,2019-06-27T19:13:00Z
194153135,https://github.com/Prismacolor/nameparsec,Prismacolor,2019-06-27T19:38:05Z
194148844,https://github.com/denniskeefe/mac-changer,denniskeefe,2019-06-27T19:02:22Z
194149453,https://github.com/LucasBackvall/Minesweeper,LucasBackvall,2019-06-27T19:07:24Z
194149359,https://github.com/JaySolaire/Circadian,JaySolaire,2019-06-27T19:06:38Z
194151617,https://github.com/notalk0/py-amazon-scraper,notalk0,2019-06-27T19:25:24Z
194151656,https://github.com/DobleV55/remoto,DobleV55,2019-06-27T19:25:41Z
194155138,https://github.com/levesquejf/nuitka-asyncio-bug-issue165-aiodns,levesquejf,2019-06-27T19:55:16Z
194155303,https://github.com/jogarazi/bloc3,jogarazi,2019-06-27T19:56:28Z
194155105,https://github.com/qureshiharis/cs50wII,qureshiharis,2019-06-27T19:54:59Z
194153597,https://github.com/apljungquist/a_package,apljungquist,2019-06-27T19:42:07Z
194155488,https://github.com/projectsPrem/Practice,projectsPrem,2019-06-27T19:58:04Z
194151839,https://github.com/leonardob17/sistema_premium,leonardob17,2019-06-27T19:27:23Z
194154302,https://github.com/KatieFizzy/selflove,KatieFizzy,2019-06-27T19:47:49Z
194150309,https://github.com/matheusgda/plots,matheusgda,2019-06-27T19:14:11Z
194150040,https://github.com/nathanielmki/ml_tutorials,nathanielmki,2019-06-27T19:12:02Z
194150435,https://github.com/lsiddiqsunny/Undergraduate-Thesis,lsiddiqsunny,2019-06-27T19:15:14Z
194148687,https://github.com/saksham8979/Flipkart-Login--Selenium,saksham8979,2019-06-27T19:00:58Z
194148833,https://github.com/AndrewYr/test_git,AndrewYr,2019-06-27T19:02:15Z
194148906,https://github.com/wguner/sad-plants,wguner,2019-06-27T19:02:54Z
194151092,https://github.com/k1n4kut4/selenium_testing,k1n4kut4,2019-06-27T19:20:41Z
194151158,https://github.com/deep8302/IoTproject1,deep8302,2019-06-27T19:21:13Z
194151173,https://github.com/ledbagholberton/AirBnB_clone,ledbagholberton,2019-06-27T19:21:21Z
194153013,https://github.com/berkelmas/alfahukukBackend,berkelmas,2019-06-27T19:37:09Z
194152387,https://github.com/deep8302/basicIoTprogram,deep8302,2019-06-27T19:31:53Z
194154696,https://github.com/Rastowerin/chemistry,Rastowerin,2019-06-27T19:51:25Z
194151931,https://github.com/DarkAssassin23/IP_Validation,DarkAssassin23,2019-06-27T19:28:10Z
194155050,https://github.com/cumav/pix2midi,cumav,2019-06-27T19:54:31Z
194155161,https://github.com/Aly-ve/scripts,Aly-ve,2019-06-27T19:55:24Z
194150932,https://github.com/MarcinPaszek/DataFromComputerShops,MarcinPaszek,2019-06-27T19:19:22Z
194150605,https://github.com/sethips/Suprath,sethips,2019-06-27T19:16:33Z
194151441,https://github.com/ZinBu/tg-bot,ZinBu,2019-06-27T19:23:50Z
194150268,https://github.com/mitreilab/cityio-financialmodeling,mitreilab,2019-06-27T19:13:44Z
194151614,https://github.com/vkrd/Neural-Network,vkrd,2019-06-27T19:25:23Z
194153472,https://github.com/Radjab0/operations,Radjab0,2019-06-27T19:41:02Z
194149468,https://github.com/royces9/pydata,royces9,2019-06-27T19:07:34Z
194150769,https://github.com/pht-op/test,pht-op,2019-06-27T19:17:52Z
194154316,https://github.com/inselbuch/pwap2,inselbuch,2019-06-27T19:47:56Z
194151792,https://github.com/deep8302/IoTproject2,deep8302,2019-06-27T19:27:06Z
194152433,https://github.com/Chandani-sah/BillingSystem,Chandani-sah,2019-06-27T19:32:18Z
194151554,https://github.com/Ahmedmahmed8a/badcat,Ahmedmahmed8a,2019-06-27T19:24:52Z
194155564,https://github.com/pablobqueiroz/django3,pablobqueiroz,2019-06-27T19:58:50Z
194154430,https://github.com/AvinciClub/avincichat,AvinciClub,2019-06-27T19:49:05Z
194148632,https://github.com/ramiejleh/Behavioral-Cloning-TensorFlow,ramiejleh,2019-06-27T19:00:32Z
194155334,https://github.com/brubis13/classificationnaivebayes,brubis13,2019-06-27T19:56:45Z
194154694,https://github.com/steveshao1213/Computer-Science-8,steveshao1213,2019-06-27T19:51:25Z
194152681,https://github.com/mgear2/undervoid,mgear2,2019-06-27T19:34:23Z
194152790,https://github.com/KunalKokate/Python-Workshop,KunalKokate,2019-06-27T19:35:17Z
194150993,https://github.com/spencerthomas1721/reu-rochci-2019,spencerthomas1721,2019-06-27T19:19:55Z
194154776,https://github.com/campagnollo/ipv4_ipv6_converter,campagnollo,2019-06-27T19:52:08Z
194148873,https://github.com/huidongchen/TI_STREAM,huidongchen,2019-06-27T19:02:36Z
194150569,https://github.com/crowdbotics-apps/suraya-5284,crowdbotics-apps,2019-06-27T19:16:15Z
194150350,https://github.com/SBU-BMI/SegmentationLoader,SBU-BMI,2019-06-27T19:14:35Z
194154932,https://github.com/vini52/401-models,vini52,2019-06-27T19:53:32Z
194151354,https://github.com/ioniffer/ml-logistic-regression,ioniffer,2019-06-27T19:23:05Z
194154349,https://github.com/AlirezaAlizadeh/api-doc-kn-identification,AlirezaAlizadeh,2019-06-27T19:48:15Z
194155497,https://github.com/yangyuegly/election_database,yangyuegly,2019-06-27T19:58:10Z
194149143,https://github.com/souravyuvrajj/appu,souravyuvrajj,2019-06-27T19:04:55Z
194155016,https://github.com/yusufshalaby/invo-shortest-path,yusufshalaby,2019-06-27T19:54:14Z