70044792,https://github.com/Sylius/Customer,Sylius,2016-10-05T09:04:27Z
70047107,https://github.com/jakarea/mia,jakarea,2016-10-05T09:38:21Z
70044880,https://github.com/Sylius/SyliusCustomerBundle,Sylius,2016-10-05T09:05:39Z
70046143,https://github.com/rafaelcalleja/specification-example,rafaelcalleja,2016-10-05T09:24:16Z
70047106,https://github.com/EvgeniyVolkov/MyShop,EvgeniyVolkov,2016-10-05T09:38:20Z
70046198,https://github.com/gollilla/WereWolf,gollilla,2016-10-05T09:25:09Z
70046746,https://github.com/thedava/timetracking-web,thedava,2016-10-05T09:33:17Z
70048281,https://github.com/3xw/attachment,3xw,2016-10-05T09:55:45Z
70047744,https://github.com/txesko/Joomla-Materialize,txesko,2016-10-05T09:47:15Z
70047179,https://github.com/wutchara/ProgrssBar-Upload-File,wutchara,2016-10-05T09:39:26Z
70047510,https://github.com/downplay18/equipmentgit,downplay18,2016-10-05T09:43:50Z
70045233,https://github.com/dlinx/task2,dlinx,2016-10-05T09:10:49Z
70048504,https://github.com/luiscobe/Pocketinvaders,luiscobe,2016-10-05T09:59:13Z
70047467,https://github.com/titojaymz/wordpress-josef,titojaymz,2016-10-05T09:43:17Z
70046793,https://github.com/zicht/url-bundle,zicht,2016-10-05T09:33:56Z
70046151,https://github.com/e-LUNATIC/TNG_addon,e-LUNATIC,2016-10-05T09:24:23Z
70044681,https://github.com/rra-am1b-2016/loginregistration,rra-am1b-2016,2016-10-05T09:02:39Z
70047910,https://github.com/robdaw/DawPinvaders,robdaw,2016-10-05T09:49:56Z
70048069,https://github.com/kimthuy/phpwebsocket,kimthuy,2016-10-05T09:52:29Z
70044667,https://github.com/vanhoanweb/Cuckoo,vanhoanweb,2016-10-05T09:02:29Z
70044957,https://github.com/sergiodiazvillarejo/asignaciones,sergiodiazvillarejo,2016-10-05T09:06:49Z
70047765,https://github.com/MahammadJafarli/NewsPortal,MahammadJafarli,2016-10-05T09:47:37Z
70046194,https://github.com/gvozdevua/test,gvozdevua,2016-10-05T09:25:06Z
70045471,https://github.com/nao1818/everything-loan-app,nao1818,2016-10-05T09:14:13Z
70045984,https://github.com/OptimizePress/op-make-fix,OptimizePress,2016-10-05T09:22:00Z
70046470,https://github.com/adrienjolion/teewi-test,adrienjolion,2016-10-05T09:29:07Z
70046528,https://github.com/wilhelmpaulm/dive-dev,wilhelmpaulm,2016-10-05T09:29:54Z
70047527,https://github.com/Ingles96/ProyectoNave,Ingles96,2016-10-05T09:44:00Z
70044539,https://github.com/telehawk/pvresan,telehawk,2016-10-05T09:00:39Z
70048409,https://github.com/bravokeyl/bk-slider,bravokeyl,2016-10-05T09:57:39Z
70047023,https://github.com/bjzhush/musicbox,bjzhush,2016-10-05T09:36:53Z
70044954,https://github.com/tobiaso88/distraction,tobiaso88,2016-10-05T09:06:44Z
70045776,https://github.com/ngiraud/laravel-news,ngiraud,2016-10-05T09:19:05Z
70046159,https://github.com/toriitakashi/dev1,toriitakashi,2016-10-05T09:24:31Z
70047013,https://github.com/cesarbautistag/poket,cesarbautistag,2016-10-05T09:36:44Z
70047529,https://github.com/anaasins/pinvaders1,anaasins,2016-10-05T09:44:02Z
70048226,https://github.com/gardian34/fromcontact,gardian34,2016-10-05T09:54:50Z
70048107,https://github.com/Akshay06cs/Reynolds,Akshay06cs,2016-10-05T09:53:04Z
70047145,https://github.com/sunnylcx/project,sunnylcx,2016-10-05T09:38:58Z
70047340,https://github.com/francatadau/pocket,francatadau,2016-10-05T09:41:43Z
70047404,https://github.com/hisonu2009/codeigniter-custom-chat,hisonu2009,2016-10-05T09:42:28Z
70047504,https://github.com/USLabs/Artzz-Gallery-Site,USLabs,2016-10-05T09:43:46Z
70047971,https://github.com/24designs/wpproject,24designs,2016-10-05T09:51:01Z
70044620,https://github.com/io-digital/snap-scan,io-digital,2016-10-05T09:01:51Z
70046025,https://github.com/ninad1987/letsvisualise,ninad1987,2016-10-05T09:22:35Z
70045914,https://github.com/bargamin/composertest,bargamin,2016-10-05T09:21:02Z
70047275,https://github.com/boputu/ProjectInvaders,boputu,2016-10-05T09:40:53Z
70045386,https://github.com/mrozu96/Symfony2---tutorial,mrozu96,2016-10-05T09:13:07Z
70046969,https://github.com/kamel-seddik/tp_,kamel-seddik,2016-10-05T09:36:08Z
70046747,https://github.com/shivenigma/design-patterns,shivenigma,2016-10-05T09:33:18Z
70047827,https://github.com/sunnylcx/project2,sunnylcx,2016-10-05T09:48:39Z
70045331,https://github.com/cernbox/cernboxswan,cernbox,2016-10-05T09:12:22Z
70046992,https://github.com/JStockus/php,JStockus,2016-10-05T09:36:29Z
70048525,https://github.com/apioo/fusio-adapter-amqp,apioo,2016-10-05T09:59:34Z
70045284,https://github.com/cernbox/cernboxnice,cernbox,2016-10-05T09:11:39Z
70046778,https://github.com/angacu/pocketinvadersdaw,angacu,2016-10-05T09:33:42Z
70046949,https://github.com/pennyyow/Email-Survey-Blaster,pennyyow,2016-10-05T09:35:52Z
70048304,https://github.com/Geek-Icebreaker/blog,Geek-Icebreaker,2016-10-05T09:56:14Z
70047777,https://github.com/strapieno/str-place-cover-model,strapieno,2016-10-05T09:47:46Z
70048151,https://github.com/tsutsumi-asial/laravel-quickstart,tsutsumi-asial,2016-10-05T09:53:48Z
70044861,https://github.com/ZhernakovVladimir/laravell-blog-for-wz,ZhernakovVladimir,2016-10-05T09:05:26Z
70046076,https://github.com/ScarHelsing/blog,ScarHelsing,2016-10-05T09:23:19Z
70047331,https://github.com/sergiolozano98/pocketinvader1,sergiolozano98,2016-10-05T09:41:39Z
70046272,https://github.com/deepak-srivastava/uk.co.vedaconsulting.training,deepak-srivastava,2016-10-05T09:26:06Z