51670620,https://github.com/clinicalml/embeddings,clinicalml,2016-02-13T23:23:52Z
51670441,https://github.com/erikdw/protoc-decode-lenprefix,erikdw,2016-02-13T23:17:48Z
51671025,https://github.com/paiuolo/django-oscar-bookstore,paiuolo,2016-02-13T23:36:51Z
51671453,https://github.com/AnliYang/bobafetch,AnliYang,2016-02-13T23:52:33Z
51671183,https://github.com/andrekupka/fetchartist,andrekupka,2016-02-13T23:42:38Z
51670060,https://github.com/KazukiOnodera/GA,KazukiOnodera,2016-02-13T23:06:01Z
51671446,https://github.com/finnergizer/hamming-decoder-factor-graph,finnergizer,2016-02-13T23:52:04Z
51670929,https://github.com/kolsys/Sportbox.bundle,kolsys,2016-02-13T23:33:47Z
51670892,https://github.com/asimonia/FlaskJeopardy,asimonia,2016-02-13T23:32:34Z
51671303,https://github.com/leeanchu/remindme,leeanchu,2016-02-13T23:47:08Z
51671209,https://github.com/gwander/Python,gwander,2016-02-13T23:43:49Z
51671667,https://github.com/SrFuego/eligela-universidades,SrFuego,2016-02-13T23:59:00Z
51670018,https://github.com/grassone/tool,grassone,2016-02-13T23:04:58Z
51670323,https://github.com/thmohd/search,thmohd,2016-02-13T23:14:26Z
51670331,https://github.com/hogwallup113/Day_1_codes,hogwallup113,2016-02-13T23:14:39Z
51670823,https://github.com/p/go-get-deps,p,2016-02-13T23:30:20Z
51671470,https://github.com/OwenTian/attendance-script,OwenTian,2016-02-13T23:53:03Z
51671577,https://github.com/nickmitchko/namebench,nickmitchko,2016-02-13T23:56:15Z
51670706,https://github.com/taylorjschmidt/TicTacToe,taylorjschmidt,2016-02-13T23:26:34Z
51671609,https://github.com/ellispap/lab01_starter,ellispap,2016-02-13T23:57:08Z
51670604,https://github.com/leschzinerlab/myami-3.2-freeHand,leschzinerlab,2016-02-13T23:23:23Z
51671195,https://github.com/johnsliao/flask-toy,johnsliao,2016-02-13T23:43:23Z
51671101,https://github.com/CalebChay/raspberrypi,CalebChay,2016-02-13T23:39:36Z
51671406,https://github.com/JitterTAP/jitter-dog,JitterTAP,2016-02-13T23:50:33Z
51670770,https://github.com/rchen8/slip,rchen8,2016-02-13T23:28:04Z
51670040,https://github.com/PhySci/waveguide,PhySci,2016-02-13T23:05:30Z
51670676,https://github.com/cseoreos/Homework4,cseoreos,2016-02-13T23:25:46Z
51670180,https://github.com/bendyman27/hello_world,bendyman27,2016-02-13T23:09:55Z
51670415,https://github.com/v4chan/birthday_reminder,v4chan,2016-02-13T23:17:06Z
51671004,https://github.com/ryanfitch/discogsAPI-Exploration,ryanfitch,2016-02-13T23:35:49Z
51671666,https://github.com/OwenTian/vigenere-cipher-tool,OwenTian,2016-02-13T23:58:57Z
51669910,https://github.com/bmcculley/live-digg,bmcculley,2016-02-13T23:01:52Z
51671467,https://github.com/benjaminmbrown/pyzmq-streamer-device,benjaminmbrown,2016-02-13T23:52:59Z
51670149,https://github.com/MartijnBraam/backupmanager,MartijnBraam,2016-02-13T23:08:43Z
51670127,https://github.com/Praetonus/PotentialFields,Praetonus,2016-02-13T23:08:10Z
51671238,https://github.com/christopherchay/raspberrypi,christopherchay,2016-02-13T23:44:47Z
51671247,https://github.com/seanli310/Natural-Language-Processing,seanli310,2016-02-13T23:45:06Z
51670991,https://github.com/Mabooka/py-src,Mabooka,2016-02-13T23:35:41Z
51670505,https://github.com/floflogreco/Python,floflogreco,2016-02-13T23:19:52Z
51671610,https://github.com/bisonhubert/pong-py,bisonhubert,2016-02-13T23:57:08Z
51669943,https://github.com/craiig/aws-quickie,craiig,2016-02-13T23:02:52Z
51670807,https://github.com/byu-magicc/fcu_common,byu-magicc,2016-02-13T23:29:26Z
51670860,https://github.com/odespo/Cohorts-babe,odespo,2016-02-13T23:31:40Z
51671197,https://github.com/andercok/namebench,andercok,2016-02-13T23:43:26Z
51671390,https://github.com/harrisonhjones/udp-servo,harrisonhjones,2016-02-13T23:50:01Z
51671020,https://github.com/crDDI/dbgap,crDDI,2016-02-13T23:36:43Z
51670068,https://github.com/cvhnilicka/PersonalAI,cvhnilicka,2016-02-13T23:06:15Z
51670638,https://github.com/BenDoan/automation,BenDoan,2016-02-13T23:24:23Z
51671340,https://github.com/yorickdewid/KIISFM,yorickdewid,2016-02-13T23:48:04Z
51671388,https://github.com/ryanfitch/Python3_Koans_Solutions,ryanfitch,2016-02-13T23:49:58Z
51671690,https://github.com/rorromr/rgbd_camera_util,rorromr,2016-02-13T23:59:50Z