3413836,https://github.com/izmr/PresidentApp,izmr,2012-02-11T06:25:41Z
3413935,https://github.com/andrewgs/reducation,andrewgs,2012-02-11T06:53:49Z
3413864,https://github.com/leonidfishkis/leon_test,leonidfishkis,2012-02-11T06:36:32Z