28556192,https://github.com/ldgarcia/slidequiz,ldgarcia,2014-12-28T07:17:19Z
28556451,https://github.com/Getmrahul/sniplive,Getmrahul,2014-12-28T07:31:50Z
28556178,https://github.com/meganlkm/dashstuff,meganlkm,2014-12-28T07:16:28Z
28556140,https://github.com/frankzhao/horse-in-aisle-five,frankzhao,2014-12-28T07:13:50Z