21056871,https://github.com/boonebgorges/bp-subscribe2,boonebgorges,2014-06-21T00:48:39Z
21056787,https://github.com/drupalninja/qasstl_org,drupalninja,2014-06-21T00:41:03Z
21056394,https://github.com/gwprod/software_engineering_glossary,gwprod,2014-06-21T00:17:05Z
21056369,https://github.com/andreazk/drupal8-git,andreazk,2014-06-21T00:15:16Z