41092587,https://github.com/ivelum/graphql-py,ivelum,2015-08-20T11:40:51Z
41092776,https://github.com/superdesk/superdesk-core,superdesk,2015-08-20T11:46:19Z
41092198,https://github.com/casiez/translateRotateSTL,casiez,2015-08-20T11:28:38Z
41092852,https://github.com/superdesk/superdesk-content-api,superdesk,2015-08-20T11:48:12Z
41091529,https://github.com/s-schneider/Muenster_Array_Seismology,s-schneider,2015-08-20T11:08:50Z
41091467,https://github.com/preetiksingh/IFSC-CODE,preetiksingh,2015-08-20T11:07:04Z
41091987,https://github.com/fmilthaler/HPCMonitor,fmilthaler,2015-08-20T11:22:04Z
41092905,https://github.com/fx86/earthquakes,fx86,2015-08-20T11:49:36Z
41091823,https://github.com/whitekid/docker-remote-network-driver,whitekid,2015-08-20T11:17:08Z
41092394,https://github.com/karenberntsen/mongo-bdb,karenberntsen,2015-08-20T11:34:50Z
41092094,https://github.com/nem0301/getVertices,nem0301,2015-08-20T11:25:11Z
41091425,https://github.com/geraintpalmer/Raven_bound_data,geraintpalmer,2015-08-20T11:05:58Z
41092970,https://github.com/akaNiknok/income-tax-calculator,akaNiknok,2015-08-20T11:51:25Z
41091277,https://github.com/haradriam/configfiles,haradriam,2015-08-20T11:01:46Z
41091311,https://github.com/luwy007/crawler,luwy007,2015-08-20T11:02:44Z
41093040,https://github.com/zanardob/hello-flask,zanardob,2015-08-20T11:53:16Z
41091927,https://github.com/manish-kr/dj-test,manish-kr,2015-08-20T11:20:02Z
41091461,https://github.com/Alegonzvar/Python,Alegonzvar,2015-08-20T11:06:53Z
41092819,https://github.com/maaland/RPS,maaland,2015-08-20T11:47:25Z
41091291,https://github.com/d4rkcat/ZIB-Trojan,d4rkcat,2015-08-20T11:01:59Z
41091984,https://github.com/psstefanov/python_learning,psstefanov,2015-08-20T11:21:59Z
41092388,https://github.com/gpalsingh/link-extractor,gpalsingh,2015-08-20T11:34:36Z
41092517,https://github.com/mareng85/pygpg,mareng85,2015-08-20T11:38:51Z
41092615,https://github.com/tipeh/fluffy-kidney,tipeh,2015-08-20T11:41:31Z
41091636,https://github.com/akayerov/medicwork,akayerov,2015-08-20T11:11:59Z
41092854,https://github.com/matevzv/videk-rest-client,matevzv,2015-08-20T11:48:13Z