23436080,https://github.com/vova07/yii2-fileapi-widget,vova07,2014-08-28T17:02:50Z
23437048,https://github.com/bharley/mw-markdown,bharley,2014-08-28T17:35:05Z
23436283,https://github.com/vova07/yii2-start-blogs-module,vova07,2014-08-28T17:10:11Z
23436346,https://github.com/vova07/yii2-start-users-module,vova07,2014-08-28T17:11:48Z
23437607,https://github.com/akifumi-kamata/backlog2slack,akifumi-kamata,2014-08-28T17:54:48Z
23436991,https://github.com/stellarcowboy/rewardStyle-add-shortcode,stellarcowboy,2014-08-28T17:33:33Z
23436135,https://github.com/humanmade/hm-mandrill,humanmade,2014-08-28T17:04:45Z
23437489,https://github.com/yo35/rpb-calendar,yo35,2014-08-28T17:50:44Z
23437112,https://github.com/trinet-at/euvat-validation,trinet-at,2014-08-28T17:37:20Z
23436086,https://github.com/ilfungo/stefanopierini,ilfungo,2014-08-28T17:03:04Z
23436984,https://github.com/tallman07/demowordpress,tallman07,2014-08-28T17:33:24Z
23436848,https://github.com/betmakh/letsfly,betmakh,2014-08-28T17:29:14Z
23436588,https://github.com/franciscokndia/trea1udpweb,franciscokndia,2014-08-28T17:20:06Z
23437363,https://github.com/ielijose/JeffreyWay-Laravel-Model-Validation,ielijose,2014-08-28T17:46:11Z
23437395,https://github.com/dnotes/dnotesdemo,dnotes,2014-08-28T17:47:04Z
23436414,https://github.com/UMNLibraries/ethicshare-etl,UMNLibraries,2014-08-28T17:14:08Z
23436576,https://github.com/thiagolima-bm/correios-4.3.0,thiagolima-bm,2014-08-28T17:19:40Z
23436002,https://github.com/betweenbrain/Hive-Manager,betweenbrain,2014-08-28T17:00:50Z
23437641,https://github.com/BlaineMoore/sendy-api-mailer,BlaineMoore,2014-08-28T17:56:21Z
23437306,https://github.com/Shane-McCarthy/Custom-Post-Type,Shane-McCarthy,2014-08-28T17:44:13Z
23437318,https://github.com/air-php/routing,air-php,2014-08-28T17:44:36Z
23437266,https://github.com/kotrakrishna/bhajans-db,kotrakrishna,2014-08-28T17:42:13Z
23437580,https://github.com/puggan/sie-test,puggan,2014-08-28T17:54:00Z
23436784,https://github.com/The-Summit/indianalearns,The-Summit,2014-08-28T17:26:48Z
23436319,https://github.com/pmatiash/helloYii2,pmatiash,2014-08-28T17:11:04Z
23437644,https://github.com/akifumi-kamata/backlog2chatwork,akifumi-kamata,2014-08-28T17:56:28Z
23436761,https://github.com/kb1ibh/BBP_Alfa,kb1ibh,2014-08-28T17:25:53Z
23436458,https://github.com/aniket1992/Online-Examination-System,aniket1992,2014-08-28T17:15:32Z
23437315,https://github.com/jodanduco/12344aahhBoxLog2,jodanduco,2014-08-28T17:44:29Z