245734186,https://github.com/NobuKimura0319/BonfirePost,NobuKimura0319,2020-03-08T01:41:13Z
245733229,https://github.com/rubisco-sfa/ILAMB-Data,rubisco-sfa,2020-03-08T01:31:33Z
245734399,https://github.com/NobuKimura0319/Flask-Gmail-Attachement,NobuKimura0319,2020-03-08T01:43:28Z
245734765,https://github.com/larrywberg/web2py-react-ts-vscode,larrywberg,2020-03-08T01:46:53Z
245733405,https://github.com/rnmourao/ml-tic-tac-toe,rnmourao,2020-03-08T01:33:13Z
245735781,https://github.com/NobuKimura0319/Flask-Movie-ML-Search,NobuKimura0319,2020-03-08T01:57:02Z
245730324,https://github.com/DannaIdarraga/RISK-IA,DannaIdarraga,2020-03-08T01:00:33Z
245731133,https://github.com/WrightS95/Password-Generator,WrightS95,2020-03-08T01:09:41Z
245733959,https://github.com/arnowelzel/netdata-nextcloud,arnowelzel,2020-03-08T01:38:43Z
245730489,https://github.com/complicat9716/EmbroideryFractal,complicat9716,2020-03-08T01:02:21Z
245735841,https://github.com/itsthuya/hacker-rank-30-days-challenge,itsthuya,2020-03-08T01:57:40Z
245731556,https://github.com/guillesanbri/OpenCV_Assignments,guillesanbri,2020-03-08T01:14:20Z
245732887,https://github.com/n4sr/mutil,n4sr,2020-03-08T01:28:25Z
245735185,https://github.com/zzznavarrete/python3_repaso,zzznavarrete,2020-03-08T01:50:58Z
245731892,https://github.com/stoneape314/AdventOfCode2019,stoneape314,2020-03-08T01:17:33Z
245733897,https://github.com/daniezest/recipeSG,daniezest,2020-03-08T01:38:09Z
245735107,https://github.com/AlexJin0418/6309Python-Project1,AlexJin0418,2020-03-08T01:50:11Z
245734778,https://github.com/ericgj/cloudrun-monorepo-test,ericgj,2020-03-08T01:47:03Z
245733432,https://github.com/eileennnnjin/CSE-163-final-project,eileennnnjin,2020-03-08T01:33:31Z
245735213,https://github.com/Deep1912/DataDrivenAstronomy,Deep1912,2020-03-08T01:51:14Z
245735239,https://github.com/yugeji/manager-bot,yugeji,2020-03-08T01:51:33Z
245732734,https://github.com/Slavvok/tree_menu,Slavvok,2020-03-08T01:26:35Z
245734142,https://github.com/gasiferox/dragon-test,gasiferox,2020-03-08T01:40:33Z
245735154,https://github.com/smushball27295/Senti-counter,smushball27295,2020-03-08T01:50:38Z
245731793,https://github.com/Sunbilian0628/homework1,Sunbilian0628,2020-03-08T01:16:33Z
245732467,https://github.com/makrant/data-streaming,makrant,2020-03-08T01:23:43Z
245730751,https://github.com/xueyang214/test1,xueyang214,2020-03-08T01:05:18Z
245732993,https://github.com/kevinobama/system-design-primer,kevinobama,2020-03-08T01:29:35Z
245734969,https://github.com/kallileung/eye-writer,kallileung,2020-03-08T01:48:43Z
245735267,https://github.com/smushball27295/4-grams,smushball27295,2020-03-08T01:51:47Z
245735268,https://github.com/venaaa/django-nails,venaaa,2020-03-08T01:51:47Z
245735638,https://github.com/RgnDunes/chat-bot,RgnDunes,2020-03-08T01:55:31Z
245734584,https://github.com/robillersomeone/survey_of_distributions,robillersomeone,2020-03-08T01:45:12Z
245732735,https://github.com/agraliozgur/my-first-blog,agraliozgur,2020-03-08T01:26:35Z
245730789,https://github.com/bropez/youtube_audio,bropez,2020-03-08T01:05:50Z
245736052,https://github.com/jnweiger/orangepi-one-tinyboy,jnweiger,2020-03-08T01:59:26Z
245733165,https://github.com/Johnnnmai/DonationTree,Johnnnmai,2020-03-08T01:30:58Z
245733898,https://github.com/swan-project/tb_spy_prj_py,swan-project,2020-03-08T01:38:10Z
245733904,https://github.com/Wolff-H/COMP-3-201,Wolff-H,2020-03-08T01:38:11Z
245732553,https://github.com/wanyuac/ARIBA_toolkit,wanyuac,2020-03-08T01:24:36Z
245734243,https://github.com/strayacode/PyPlayerV3,strayacode,2020-03-08T01:41:53Z
245733455,https://github.com/DunderBird/dpylsp,DunderBird,2020-03-08T01:33:42Z
245735636,https://github.com/vandavey/Python-Port-Scanner,vandavey,2020-03-08T01:55:30Z
245735249,https://github.com/Lkinneer/misc_projects,Lkinneer,2020-03-08T01:51:41Z
245735228,https://github.com/AlimYusifzada/AMPLA,AlimYusifzada,2020-03-08T01:51:24Z
245731059,https://github.com/palomaloca/test,palomaloca,2020-03-08T01:08:52Z
245733236,https://github.com/adriangarciaestrada/Python-Challenge,adriangarciaestrada,2020-03-08T01:31:37Z
245733695,https://github.com/mikea62/AmazonScraper,mikea62,2020-03-08T01:35:54Z
245734200,https://github.com/jingluo-star/learn-git,jingluo-star,2020-03-08T01:41:23Z
245734423,https://github.com/JazKarit/cylinder_puzzle_solver,JazKarit,2020-03-08T01:43:42Z
245734559,https://github.com/dandexler/mw_case_study,dandexler,2020-03-08T01:44:56Z
245734183,https://github.com/mrozsypal81/223P-Assignment-1,mrozsypal81,2020-03-08T01:41:11Z
245731707,https://github.com/WorldDiaoest/django_local_library,WorldDiaoest,2020-03-08T01:15:37Z
245734960,https://github.com/youyo/SPEC,youyo,2020-03-08T01:48:38Z
245734008,https://github.com/yfsui/cnn-sentiment-analysis-model,yfsui,2020-03-08T01:39:18Z
245733936,https://github.com/stevegraves/WikiTyper,stevegraves,2020-03-08T01:38:29Z
245735057,https://github.com/dhalek0331/Davennia,dhalek0331,2020-03-08T01:49:43Z
245731104,https://github.com/captcav/Ubermetrics,captcav,2020-03-08T01:09:21Z
245733737,https://github.com/wmktg/pigLatin,wmktg,2020-03-08T01:36:25Z
245733964,https://github.com/AymenSegni/configsAPI-K8S,AymenSegni,2020-03-08T01:38:47Z
245732692,https://github.com/Nafiz127/Image-Manipulator,Nafiz127,2020-03-08T01:26:06Z
245732268,https://github.com/anderdam/ordenador_de_lista,anderdam,2020-03-08T01:21:50Z
245732165,https://github.com/franzelclark/experiments,franzelclark,2020-03-08T01:20:34Z
245735886,https://github.com/WorldDiaoest/my_library,WorldDiaoest,2020-03-08T01:57:59Z
245734820,https://github.com/ragor09/PROJ,ragor09,2020-03-08T01:47:32Z
245733108,https://github.com/danieljohnson18/My-First-Blog,danieljohnson18,2020-03-08T01:30:27Z
245731776,https://github.com/azraelgnosis/dem3_multi,azraelgnosis,2020-03-08T01:16:19Z
245731453,https://github.com/ingenierojaveriano/practicante,ingenierojaveriano,2020-03-08T01:13:15Z
245730662,https://github.com/FabelVlad/fabel1,FabelVlad,2020-03-08T01:04:20Z
245735585,https://github.com/sthusoo/musculoskeletal_modelling,sthusoo,2020-03-08T01:54:54Z
245735718,https://github.com/filewallio/filewall-smtpd,filewallio,2020-03-08T01:56:18Z
245735385,https://github.com/narupo/chat,narupo,2020-03-08T01:52:55Z
245732517,https://github.com/jueyaye/SmartDDOSDetection,jueyaye,2020-03-08T01:24:19Z
245732530,https://github.com/ibiwan/badge,ibiwan,2020-03-08T01:24:25Z
245732499,https://github.com/Dnaja/ifpi-ads-algoritmos2020,Dnaja,2020-03-08T01:24:04Z
245732044,https://github.com/y-tetsu/gmail_picamera,y-tetsu,2020-03-08T01:19:11Z
245734529,https://github.com/zoujackfoxmail/Community,zoujackfoxmail,2020-03-08T01:44:42Z
245735470,https://github.com/benamoreira/LivroPensePython2Ed,benamoreira,2020-03-08T01:53:46Z
245731053,https://github.com/lavatech321/Jenkins,lavatech321,2020-03-08T01:08:50Z
245732961,https://github.com/timamero/python_games,timamero,2020-03-08T01:29:15Z
245732123,https://github.com/CHW0218/Pygame-project,CHW0218,2020-03-08T01:20:07Z
245735104,https://github.com/PharmaBro323/Dice-Rolling-Simulator,PharmaBro323,2020-03-08T01:50:09Z
245734616,https://github.com/Ailearning81/git,Ailearning81,2020-03-08T01:45:28Z
245733295,https://github.com/alexsyeo/MoviePinger,alexsyeo,2020-03-08T01:32:14Z
245730794,https://github.com/bjyxszd-2026/Deep-Learning-Course,bjyxszd-2026,2020-03-08T01:05:52Z
245733534,https://github.com/thuurzz/Python,thuurzz,2020-03-08T01:34:31Z
245730321,https://github.com/Rafael-da-Silva/projetopynker,Rafael-da-Silva,2020-03-08T01:00:32Z
245735169,https://github.com/jackp7640/mergeList,jackp7640,2020-03-08T01:50:48Z
245732006,https://github.com/mattybertschinger/django_local_library,mattybertschinger,2020-03-08T01:18:52Z
245732519,https://github.com/lcastillo84/django-api-course,lcastillo84,2020-03-08T01:24:20Z
245731930,https://github.com/SulavKhadka/Wifi-Device-Tracker,SulavKhadka,2020-03-08T01:17:57Z
245736002,https://github.com/PythonCoderforlife/UltimatePyConsole,PythonCoderforlife,2020-03-08T01:59:01Z
245730972,https://github.com/guimaraf/python-studies,guimaraf,2020-03-08T01:08:01Z
245730566,https://github.com/atamayo1/useitdjango,atamayo1,2020-03-08T01:03:16Z
245733172,https://github.com/dakpery/Crypto-Analysis,dakpery,2020-03-08T01:31:01Z
245735575,https://github.com/grad6352/TEAM_TBD_HUB_DEVICE_02,grad6352,2020-03-08T01:54:45Z
245732315,https://github.com/Phipli/SmartBox,Phipli,2020-03-08T01:22:19Z
245735778,https://github.com/kgrems/Dunj,kgrems,2020-03-08T01:56:59Z
245732963,https://github.com/alexanelli/reliquary,alexanelli,2020-03-08T01:29:16Z
245733117,https://github.com/tcl326/models-arion,tcl326,2020-03-08T01:30:30Z
245732518,https://github.com/brianhsu98/notebook,brianhsu98,2020-03-08T01:24:20Z
245733635,https://github.com/actcwlf/panelexpr,actcwlf,2020-03-08T01:35:25Z
245735629,https://github.com/irma-rios/Selenium,irma-rios,2020-03-08T01:55:24Z
245734605,https://github.com/sonesuke/nayose,sonesuke,2020-03-08T01:45:25Z
245733920,https://github.com/kucukbahadir/my_hackerrank_solutions,kucukbahadir,2020-03-08T01:38:19Z
245735528,https://github.com/mollinaca/projecteuler,mollinaca,2020-03-08T01:54:19Z
245732104,https://github.com/samiam109/superlists,samiam109,2020-03-08T01:19:57Z
245732034,https://github.com/Sunbilian0628/homework2,Sunbilian0628,2020-03-08T01:19:06Z
245736018,https://github.com/Morgan-Griffiths/GAN,Morgan-Griffiths,2020-03-08T01:59:08Z
245731162,https://github.com/guilhascorreia24/Componentes-de-user,guilhascorreia24,2020-03-08T01:10:00Z
245731476,https://github.com/Varun-Haris/Face-detection-using-supervised-learning,Varun-Haris,2020-03-08T01:13:30Z
245732076,https://github.com/kz2wd/neural-network-gen,kz2wd,2020-03-08T01:19:37Z
245735771,https://github.com/RubenZV/python-challenge,RubenZV,2020-03-08T01:56:56Z
245734735,https://github.com/vgurupra/DPLL,vgurupra,2020-03-08T01:46:34Z
245735174,https://github.com/enguyen89141/tau-bdd-pytest,enguyen89141,2020-03-08T01:50:51Z
245730797,https://github.com/artem831/spam_email,artem831,2020-03-08T01:05:54Z
245734846,https://github.com/czpcf/NeuralNetwork,czpcf,2020-03-08T01:47:44Z
245730460,https://github.com/lorenzogil/mastosync,lorenzogil,2020-03-08T01:01:59Z
245731404,https://github.com/ajchandy/Machine-Learning,ajchandy,2020-03-08T01:12:40Z
245730685,https://github.com/c3rberuss/ProntoBPO,c3rberuss,2020-03-08T01:04:37Z
245734219,https://github.com/simonfong6/image-share,simonfong6,2020-03-08T01:41:35Z