4384935,https://github.com/jfparis/swampy,jfparis,2012-05-20T14:08:57Z
4384943,https://github.com/taito/parone.policy,taito,2012-05-20T14:10:15Z
4385066,https://github.com/gerrich/wiki-crawler,gerrich,2012-05-20T14:31:24Z
4384946,https://github.com/Grind34/antiplag,Grind34,2012-05-20T14:10:35Z