141923532,https://github.com/gooofy/kaldi-adapt-lm,gooofy,2018-07-22T19:12:39Z
141923590,https://github.com/richardbloemenkamp/Robotdog,richardbloemenkamp,2018-07-22T19:13:32Z
141925443,https://github.com/shikharvaish28/mit-ocw-downloader,shikharvaish28,2018-07-22T19:41:54Z
141925790,https://github.com/ajstensland/platypus,ajstensland,2018-07-22T19:47:25Z
141924090,https://github.com/misteridiot/humphry,misteridiot,2018-07-22T19:19:45Z
141922716,https://github.com/nagitsu/imsearch,nagitsu,2018-07-22T19:00:02Z
141925945,https://github.com/adityamudgil2505/Cryptocurrency-Portfolio,adityamudgil2505,2018-07-22T19:49:47Z
141924844,https://github.com/bkovari/closest-pair-problem,bkovari,2018-07-22T19:32:15Z
141925788,https://github.com/asadullah797/segan_impr,asadullah797,2018-07-22T19:47:24Z
141923314,https://github.com/akhil2015/SudokuSolver,akhil2015,2018-07-22T19:09:00Z
141925857,https://github.com/noff/subs,noff,2018-07-22T19:48:23Z
141922834,https://github.com/Yuhao-Wan/Pairwise-combinatorial-learner,Yuhao-Wan,2018-07-22T19:01:52Z
141925048,https://github.com/EstebanRH23/Traffic-LIght-and-Signal-Recognition,EstebanRH23,2018-07-22T19:35:39Z
141922918,https://github.com/lolbot-iichan/decompile.wintermute,lolbot-iichan,2018-07-22T19:03:18Z
141923732,https://github.com/lim142857/the-Blocky-game-in-Python,lim142857,2018-07-22T19:15:23Z
141923996,https://github.com/TheRipperJhon/OSINT-,TheRipperJhon,2018-07-22T19:18:42Z
141924733,https://github.com/theodorechandler1/LetsRobotUnofficial,theodorechandler1,2018-07-22T19:30:29Z
141926193,https://github.com/bambergerz/optimization_for_deep_learning,bambergerz,2018-07-22T19:53:28Z
141926274,https://github.com/JonnyWalker/PySNES,JonnyWalker,2018-07-22T19:54:45Z
141926066,https://github.com/Amathlog/RLTorch,Amathlog,2018-07-22T19:51:44Z
141924089,https://github.com/GINK03/aizu-online-judge,GINK03,2018-07-22T19:19:41Z
141925783,https://github.com/tanghanrui/RenterChoices,tanghanrui,2018-07-22T19:47:21Z
141926558,https://github.com/atalai/CorticalThickness,atalai,2018-07-22T19:58:58Z
141923733,https://github.com/kbhutani0001/Auto-mailer-for-societies-,kbhutani0001,2018-07-22T19:15:24Z
141925005,https://github.com/AdnCodez/Countdown-Calendar,AdnCodez,2018-07-22T19:34:44Z
141925202,https://github.com/girtsf/certbot-plugin-gandi,girtsf,2018-07-22T19:38:13Z
141924423,https://github.com/AyanaBlackey/my-first-blog,AyanaBlackey,2018-07-22T19:25:40Z
141922782,https://github.com/jagjeet-singh/Action-Classification,jagjeet-singh,2018-07-22T19:01:13Z
141923186,https://github.com/Domos-Snips/Quicestqui,Domos-Snips,2018-07-22T19:06:59Z
141925166,https://github.com/PlamenAngelov/Python-Fundamentals-02-Dictionaries,PlamenAngelov,2018-07-22T19:37:31Z
141925324,https://github.com/mishra14/jupyterliveshare,mishra14,2018-07-22T19:39:51Z
141923488,https://github.com/yarozen/Connect-Four,yarozen,2018-07-22T19:11:58Z
141926237,https://github.com/tuenut/playItEditor2,tuenut,2018-07-22T19:54:06Z
141925938,https://github.com/NischayNirajit/Big-data-Analysis-Methods,NischayNirajit,2018-07-22T19:49:43Z
141924868,https://github.com/robertkeech/QuickEditor,robertkeech,2018-07-22T19:32:35Z
141924432,https://github.com/Beall619/ArrestOrg_Data_API,Beall619,2018-07-22T19:25:47Z
141925320,https://github.com/stradtkt/Django-TheWall,stradtkt,2018-07-22T19:39:50Z
141924888,https://github.com/wrenwrenwren/pywr,wrenwrenwren,2018-07-22T19:32:57Z
141923522,https://github.com/judowal/league_builder,judowal,2018-07-22T19:12:33Z
141925468,https://github.com/lucasfontoura/django-sandbox,lucasfontoura,2018-07-22T19:42:14Z
141925608,https://github.com/pvelasqu/HomeXCode,pvelasqu,2018-07-22T19:44:33Z
141925729,https://github.com/Clemalfroy/menuGenerator,Clemalfroy,2018-07-22T19:46:27Z
141924645,https://github.com/PlamenAngelov/Python-Fundamentals-04-Objects_and_Classes,PlamenAngelov,2018-07-22T19:29:02Z
141924362,https://github.com/JoshMayberry/WordManipulator,JoshMayberry,2018-07-22T19:24:33Z
141924210,https://github.com/rajarampadmanathan/block-chain,rajarampadmanathan,2018-07-22T19:21:59Z
141925661,https://github.com/jagjeet-singh/Object-Classification-using-Tensorflow,jagjeet-singh,2018-07-22T19:45:23Z
141924983,https://github.com/williamcaesar/convolution-filters,williamcaesar,2018-07-22T19:34:25Z
141923877,https://github.com/kisaaamee/prison_game-In-progress--,kisaaamee,2018-07-22T19:17:00Z
141923895,https://github.com/ajalmazan/bikeshare,ajalmazan,2018-07-22T19:17:16Z
141923392,https://github.com/priyanka-1996/ERP-system,priyanka-1996,2018-07-22T19:10:11Z
141923431,https://github.com/hyliss34/Starcraft-AI,hyliss34,2018-07-22T19:10:55Z
141923548,https://github.com/luke-gregor/vindta_reCAlk,luke-gregor,2018-07-22T19:12:51Z
141925365,https://github.com/chemacortes/blog,chemacortes,2018-07-22T19:40:30Z
141925472,https://github.com/dedonaldson/opengl-python,dedonaldson,2018-07-22T19:42:19Z
141925625,https://github.com/sprckt/beyond_basics_oop,sprckt,2018-07-22T19:44:46Z
141924526,https://github.com/Mooswitz/worldsim,Mooswitz,2018-07-22T19:27:05Z
141926582,https://github.com/tilia-hb/flask-intro,tilia-hb,2018-07-22T19:59:24Z
141924377,https://github.com/priyanka-1996/Vehicle-Trading-System,priyanka-1996,2018-07-22T19:24:51Z
141923065,https://github.com/zzhang83/build-search-engine-with-python,zzhang83,2018-07-22T19:05:19Z
141923371,https://github.com/nandaryanizar/JakastorRecommender,nandaryanizar,2018-07-22T19:09:54Z
141924346,https://github.com/topherCantrell/iot-freezerMonitor,topherCantrell,2018-07-22T19:24:14Z
141925050,https://github.com/darcamo/conan-mathgl,darcamo,2018-07-22T19:35:40Z
141922909,https://github.com/Sig00rd/JP2CSV,Sig00rd,2018-07-22T19:03:10Z
141925084,https://github.com/PlamenAngelov/Python-Fundamentals-03-Lambda,PlamenAngelov,2018-07-22T19:36:08Z
141925133,https://github.com/michaelmdresser/mal,michaelmdresser,2018-07-22T19:36:55Z
141925308,https://github.com/MatheusMoraes66/aprendendo-python,MatheusMoraes66,2018-07-22T19:39:40Z
141926166,https://github.com/ToreAad/beemonitor,ToreAad,2018-07-22T19:53:03Z
141926181,https://github.com/kfilipskiy15/py_json_reader,kfilipskiy15,2018-07-22T19:53:18Z
141926227,https://github.com/danillogontijo/bot_dg_food,danillogontijo,2018-07-22T19:53:58Z
141925963,https://github.com/aaronescott/greetingBot,aaronescott,2018-07-22T19:50:04Z
141925275,https://github.com/PlamenAngelov/Python-Fundamentals-02-Lists,PlamenAngelov,2018-07-22T19:39:06Z
141925329,https://github.com/PlamenAngelov/Python-Fundamentals-02-Lists_and_Dictionaries,PlamenAngelov,2018-07-22T19:39:55Z
141923626,https://github.com/tonysimpson/binit,tonysimpson,2018-07-22T19:13:55Z
141924623,https://github.com/priyanka-1996/Expense-Tracker,priyanka-1996,2018-07-22T19:28:44Z
141924787,https://github.com/priyanka-1996/Examination-System,priyanka-1996,2018-07-22T19:31:21Z
141924961,https://github.com/BradenHarrelson/Fast-Pass,BradenHarrelson,2018-07-22T19:34:02Z
141923500,https://github.com/japinder007/behavioral_cloning,japinder007,2018-07-22T19:12:11Z
141924564,https://github.com/smalewski/camunda-examples,smalewski,2018-07-22T19:27:42Z
141926017,https://github.com/veera1ponnaganti/openshift-ansible,veera1ponnaganti,2018-07-22T19:50:52Z
141926336,https://github.com/odarbelaeze/infra-quotes,odarbelaeze,2018-07-22T19:55:31Z
141925189,https://github.com/Eratosthenes/entity_resolution,Eratosthenes,2018-07-22T19:38:03Z
141925912,https://github.com/treedledee/prework-repo,treedledee,2018-07-22T19:49:18Z
141924669,https://github.com/trianhtruong/Ulysse,trianhtruong,2018-07-22T19:29:26Z
141924865,https://github.com/raisasherif/Otree_experiment_GQ,raisasherif,2018-07-22T19:32:34Z
141923401,https://github.com/master8/EightQueensImproved,master8,2018-07-22T19:10:25Z
141924867,https://github.com/JordanLevy99/NFL_machinelearn,JordanLevy99,2018-07-22T19:32:35Z
141923876,https://github.com/physinet/StravaMaps,physinet,2018-07-22T19:17:00Z
141924981,https://github.com/angelinahli/mh-questionnaires,angelinahli,2018-07-22T19:34:23Z
141924724,https://github.com/robertrdas/BinPackingGurobi,robertrdas,2018-07-22T19:30:14Z
141923385,https://github.com/compbiocore/bamutils,compbiocore,2018-07-22T19:10:03Z
141923897,https://github.com/eladtzemach/sales_tax,eladtzemach,2018-07-22T19:17:17Z
141923529,https://github.com/rc6313/locallibrary,rc6313,2018-07-22T19:12:37Z
141924530,https://github.com/orwigeg/SMTP-Simulator,orwigeg,2018-07-22T19:27:07Z
141926267,https://github.com/jake17007/trader,jake17007,2018-07-22T19:54:35Z
141926461,https://github.com/ladsunny/Project2_Portfolio,ladsunny,2018-07-22T19:57:30Z
141925319,https://github.com/MoeweX/MQTT-FileLogger,MoeweX,2018-07-22T19:39:50Z
141926492,https://github.com/Kyomuru/logger,Kyomuru,2018-07-22T19:57:59Z
141925755,https://github.com/vaibhav9619/Python-CB-Personal-,vaibhav9619,2018-07-22T19:46:52Z
141926262,https://github.com/lynnpepin/reso,lynnpepin,2018-07-22T19:54:30Z
141922859,https://github.com/rehydraters/cd_loginReg,rehydraters,2018-07-22T19:02:26Z
141925830,https://github.com/phueb/radar,phueb,2018-07-22T19:48:02Z
141923937,https://github.com/dmontoyain/Sensei,dmontoyain,2018-07-22T19:17:54Z
141923528,https://github.com/planetutkarsh/file_manager_repo,planetutkarsh,2018-07-22T19:12:37Z
141926026,https://github.com/mushishi06/python-fee-calculation,mushishi06,2018-07-22T19:51:04Z
141925249,https://github.com/Younday/AnyTimerApp,Younday,2018-07-22T19:38:47Z
141925498,https://github.com/neonbadger/code_path_prework,neonbadger,2018-07-22T19:42:46Z
141925617,https://github.com/sitati-elsis/django-blog,sitati-elsis,2018-07-22T19:44:40Z
141924649,https://github.com/jansonclui/w251_project,jansonclui,2018-07-22T19:29:06Z
141924093,https://github.com/Stuksus/Alco-Console,Stuksus,2018-07-22T19:19:47Z
141925307,https://github.com/mattjshannon/mattpy,mattjshannon,2018-07-22T19:39:39Z
141923053,https://github.com/plasticuproject/clevererbot,plasticuproject,2018-07-22T19:05:10Z
141925097,https://github.com/shivamparksmart/lcd-numpad-and-adafruit-thermal-printer-together-as-a-unit-using-Raspberry-PI,shivamparksmart,2018-07-22T19:36:23Z
141925611,https://github.com/iamVaibhavPatil/MachineLearning,iamVaibhavPatil,2018-07-22T19:44:35Z
141923972,https://github.com/Stuksus/Download_Vk_Photo,Stuksus,2018-07-22T19:18:18Z