26665651,https://github.com/JustusW/harparser,JustusW,2014-11-15T01:51:21Z
26664628,https://github.com/umd-mith/unbind,umd-mith,2014-11-15T01:08:55Z
26664618,https://github.com/jeffctown/ListiOSProvisioningProfilesByName,jeffctown,2014-11-15T01:08:33Z
26665327,https://github.com/josephtoles/search-engine,josephtoles,2014-11-15T01:38:26Z
26664453,https://github.com/andreasbrake/AI-Jam2014,andreasbrake,2014-11-15T01:00:06Z
26664800,https://github.com/shivamthapar/weebly-mini,shivamthapar,2014-11-15T01:15:40Z
26665708,https://github.com/jakesyl/RockPaperScissors,jakesyl,2014-11-15T01:54:05Z
26665218,https://github.com/Chosebine/SpaceAdventure,Chosebine,2014-11-15T01:33:57Z
26665586,https://github.com/ArbiterGames/analytics-adapter,ArbiterGames,2014-11-15T01:48:48Z
26664996,https://github.com/TonyVH/Games,TonyVH,2014-11-15T01:24:32Z
26664603,https://github.com/lucassimon/django-br-addresses,lucassimon,2014-11-15T01:07:50Z
26664636,https://github.com/CharLLCH/Rotus-TC,CharLLCH,2014-11-15T01:09:16Z
26665288,https://github.com/jclgoodwin/BootUp,jclgoodwin,2014-11-15T01:36:57Z
26665395,https://github.com/mfgarvin/WeatherPi,mfgarvin,2014-11-15T01:40:58Z
26665051,https://github.com/J-Kahn/Idealist,J-Kahn,2014-11-15T01:27:09Z
26664482,https://github.com/Brent1798/Ravis,Brent1798,2014-11-15T01:01:42Z
26664745,https://github.com/bartgee/KursyWalut,bartgee,2014-11-15T01:13:30Z
26665524,https://github.com/SwordYoung/temp,SwordYoung,2014-11-15T01:46:09Z
26664666,https://github.com/kathyhan4/AlCorrosionDataCSVFiles,kathyhan4,2014-11-15T01:10:16Z
26664668,https://github.com/gopal1992/Fertilizers,gopal1992,2014-11-15T01:10:17Z
26664709,https://github.com/kathyhan4/SunPowerOptics,kathyhan4,2014-11-15T01:11:53Z
26664452,https://github.com/garvitjuniwal/dotfiles,garvitjuniwal,2014-11-15T01:00:05Z
26664451,https://github.com/AndrewJudson/music-viz,AndrewJudson,2014-11-15T01:00:02Z
26665068,https://github.com/MarvinJhonjairo/Proyecto-Final,MarvinJhonjairo,2014-11-15T01:27:31Z
26665280,https://github.com/meshy/life,meshy,2014-11-15T01:36:29Z
26664466,https://github.com/VCTLabs/rpisht1x,VCTLabs,2014-11-15T01:00:58Z
26664838,https://github.com/KazroFox/sickbeard,KazroFox,2014-11-15T01:17:36Z
26664634,https://github.com/wcanepi/FinalProj_wk2a,wcanepi,2014-11-15T01:09:12Z
26665160,https://github.com/cristianounix/python-scripts,cristianounix,2014-11-15T01:31:25Z
26664995,https://github.com/mrznyper/HublySite,mrznyper,2014-11-15T01:24:32Z
26664704,https://github.com/kathyhan4/PythonTutorial,kathyhan4,2014-11-15T01:11:41Z