222694966,https://github.com/XUXUSSS/kaggle_rsna2019_4th_solution,XUXUSSS,2019-11-19T12:49:23Z
222688197,https://github.com/lyz-code/clinv,lyz-code,2019-11-19T12:13:16Z
222691105,https://github.com/Lz1y/impacket-ghostpotato,Lz1y,2019-11-19T12:29:29Z
222691774,https://github.com/emptysoal/concurrent_communion,emptysoal,2019-11-19T12:32:47Z
222694569,https://github.com/tail-island/rubic-cube,tail-island,2019-11-19T12:47:03Z
222695550,https://github.com/jianzhnie/DSFD_pytorch,jianzhnie,2019-11-19T12:52:20Z
222690155,https://github.com/sonirico/InterviewsForGeeks,sonirico,2019-11-19T12:24:03Z
222692571,https://github.com/daniel0720/maltrail-3,daniel0720,2019-11-19T12:37:02Z
222690624,https://github.com/OtakoidTony/KakaoEmoticonDownloader,OtakoidTony,2019-11-19T12:26:47Z
222689002,https://github.com/madcat-st/parser-sanic-vue,madcat-st,2019-11-19T12:17:57Z
222690924,https://github.com/Konsulttiktukka-Consulting/OT-miniprojekti,Konsulttiktukka-Consulting,2019-11-19T12:28:25Z
222687730,https://github.com/powerapi-ng/pyJoules,powerapi-ng,2019-11-19T12:10:31Z
222692242,https://github.com/cloud-aws-esgi/api-python,cloud-aws-esgi,2019-11-19T12:35:24Z
222696430,https://github.com/WikiTeam/wikiteam-dumps,WikiTeam,2019-11-19T12:56:51Z
222690678,https://github.com/Openfisca-NSW/openfisca_nsw_rules_kids_vouchers,Openfisca-NSW,2019-11-19T12:26:59Z
222685954,https://github.com/sahanbull/TrueLearn,sahanbull,2019-11-19T12:00:26Z
222690228,https://github.com/jkapuscik2/serverless-content-moderation,jkapuscik2,2019-11-19T12:24:24Z
222690858,https://github.com/ShivamChourey/Lane_Detection_Image_And_Video,ShivamChourey,2019-11-19T12:28:03Z
222689244,https://github.com/xio84/ShapeDetection,xio84,2019-11-19T12:19:14Z
222688866,https://github.com/Awanit512/eyantra,Awanit512,2019-11-19T12:17:07Z
222688977,https://github.com/sienleo/alien_invasion,sienleo,2019-11-19T12:17:47Z
222689565,https://github.com/kaixin-bai/Segnet-pytorch,kaixin-bai,2019-11-19T12:20:52Z
222687023,https://github.com/edtechhub/gtasks,edtechhub,2019-11-19T12:06:40Z
222691807,https://github.com/VashStampede/LRU_cache,VashStampede,2019-11-19T12:32:59Z
222690952,https://github.com/Nasrallah-Adel/AdjustTask,Nasrallah-Adel,2019-11-19T12:28:34Z
222695190,https://github.com/0xbeez/CTF-Training,0xbeez,2019-11-19T12:50:34Z
222691262,https://github.com/shrinithi24/7-inch-Display_module,shrinithi24,2019-11-19T12:30:14Z
222687265,https://github.com/CrawlerJun/PredictionHousePrice,CrawlerJun,2019-11-19T12:07:57Z
222690277,https://github.com/jnphilipp/deep_learning-ingredients,jnphilipp,2019-11-19T12:24:39Z
222692481,https://github.com/TBU-AILab/Dbl_SHADE_python,TBU-AILab,2019-11-19T12:36:38Z
222689984,https://github.com/kodakoda0921/my-first-blog,kodakoda0921,2019-11-19T12:23:08Z
222696328,https://github.com/ericzhai918/Leon.Zhai,ericzhai918,2019-11-19T12:56:22Z
222689656,https://github.com/linux-china/nubia-demo,linux-china,2019-11-19T12:21:23Z
222686924,https://github.com/firdavsy/DF_GAMES,firdavsy,2019-11-19T12:06:09Z
222688899,https://github.com/kfash/hero-might-and-magic,kfash,2019-11-19T12:17:17Z
222696997,https://github.com/rambo4esana/proj,rambo4esana,2019-11-19T12:59:55Z
222686410,https://github.com/HR-CMGT/SpecializeMe-Beveiliging,HR-CMGT,2019-11-19T12:03:14Z
222686676,https://github.com/achigin/pyutil,achigin,2019-11-19T12:04:51Z
222685952,https://github.com/audumber3000/passwords-listing-tools,audumber3000,2019-11-19T12:00:26Z
222692663,https://github.com/OmerLiberman/cnvrg_dash_example,OmerLiberman,2019-11-19T12:37:28Z
222689193,https://github.com/dariaavv/ase_scripts,dariaavv,2019-11-19T12:19:03Z
222692247,https://github.com/TomLLew/githubtest,TomLLew,2019-11-19T12:35:26Z
222695497,https://github.com/VRS98/disaster_classification,VRS98,2019-11-19T12:52:06Z
222686835,https://github.com/YYingcute/Garbage-classification-,YYingcute,2019-11-19T12:05:40Z
222691462,https://github.com/oguznsari/deep-learning-Andrew-Ng,oguznsari,2019-11-19T12:31:08Z
222691838,https://github.com/qiqi77123/Flask_Library,qiqi77123,2019-11-19T12:33:12Z
222692431,https://github.com/JIdigit/Part3-Task5,JIdigit,2019-11-19T12:36:23Z
222692969,https://github.com/nikhilnayak98/MBHack,nikhilnayak98,2019-11-19T12:38:52Z
222689610,https://github.com/huahua207/NTU_CS_test,huahua207,2019-11-19T12:21:07Z
222686372,https://github.com/FaithKoech/Python1,FaithKoech,2019-11-19T12:03:00Z
222690383,https://github.com/sernadas/PythonProjects,sernadas,2019-11-19T12:25:20Z
222690158,https://github.com/Saurabh2798/Data-Extraction,Saurabh2798,2019-11-19T12:24:05Z
222692994,https://github.com/VarunBal/supply-demand-clustering,VarunBal,2019-11-19T12:39:00Z
222687218,https://github.com/pgronkievitz/library-generator,pgronkievitz,2019-11-19T12:07:43Z
222694335,https://github.com/naufal-dean/Context-Free-Grammar-Python-Compiler,naufal-dean,2019-11-19T12:45:46Z
222691406,https://github.com/NoNameItem/django-magnificent-messages,NoNameItem,2019-11-19T12:30:52Z
222690966,https://github.com/itb-ie/pandas-apple-stock,itb-ie,2019-11-19T12:28:40Z
222696217,https://github.com/Abhishek9690/ConstructorInPython,Abhishek9690,2019-11-19T12:55:48Z
222693123,https://github.com/pguerreschi/datawrangling,pguerreschi,2019-11-19T12:39:34Z
222692957,https://github.com/DefeatAndVictory/AID1910,DefeatAndVictory,2019-11-19T12:38:50Z
222694521,https://github.com/Sagar746/testrepo,Sagar746,2019-11-19T12:46:49Z
222693018,https://github.com/mohamedsayed18/Radar,mohamedsayed18,2019-11-19T12:39:11Z
222690453,https://github.com/nathanwelsh8/NOSEAE2,nathanwelsh8,2019-11-19T12:25:47Z
222692136,https://github.com/meh-yashk/sort_algs,meh-yashk,2019-11-19T12:34:43Z
222691802,https://github.com/XjyaWs/XjyaWs-s-Space,XjyaWs,2019-11-19T12:32:57Z
222689947,https://github.com/aoga7/nw,aoga7,2019-11-19T12:22:57Z
222686342,https://github.com/makarbaderko/Itgenio-python-exam,makarbaderko,2019-11-19T12:02:49Z
222694429,https://github.com/bestde00/0.0,bestde00,2019-11-19T12:46:19Z
222687136,https://github.com/AlexsandroMO/Django_App001,AlexsandroMO,2019-11-19T12:07:15Z
222687330,https://github.com/Gaiokane/CrazyPython,Gaiokane,2019-11-19T12:08:20Z
222696883,https://github.com/ma-shucheng/seq2seq-couplet,ma-shucheng,2019-11-19T12:59:15Z
222686916,https://github.com/AdilisIV/appmetrica_funnels-bundlefilter,AdilisIV,2019-11-19T12:06:06Z
222694938,https://github.com/SixFourSeven-2077/TreeFinder,SixFourSeven-2077,2019-11-19T12:49:13Z
222687352,https://github.com/O1ympicbear/generation-of-people,O1ympicbear,2019-11-19T12:08:29Z
222687259,https://github.com/yuarmy0921/hello,yuarmy0921,2019-11-19T12:07:55Z
222694725,https://github.com/weijaa/SocialBot,weijaa,2019-11-19T12:47:58Z
222696560,https://github.com/Nishant13/mybot,Nishant13,2019-11-19T12:57:28Z
222687261,https://github.com/symptotsiot/smartbike,symptotsiot,2019-11-19T12:07:56Z
222696746,https://github.com/zsf1975/Artbot,zsf1975,2019-11-19T12:58:33Z
222696733,https://github.com/Syntomy/pixelate-image,Syntomy,2019-11-19T12:58:29Z
222689822,https://github.com/EpicKiwi/bde-scripts,EpicKiwi,2019-11-19T12:22:17Z
222694145,https://github.com/SirZarik/CoffeeSorts,SirZarik,2019-11-19T12:44:47Z
222696868,https://github.com/AxMoreno/LabSuavizadodeSe-ales,AxMoreno,2019-11-19T12:59:10Z
222689160,https://github.com/dude-boop/practics,dude-boop,2019-11-19T12:18:54Z
222691176,https://github.com/raghupalakodety1/NearByRestaurants,raghupalakodety1,2019-11-19T12:29:49Z
222691954,https://github.com/ParadoxOfParadox/TestTask,ParadoxOfParadox,2019-11-19T12:33:53Z
222688435,https://github.com/mogoh/teamsolid-bot,mogoh,2019-11-19T12:14:40Z
222689190,https://github.com/jfarizano/graficadoraGrafos,jfarizano,2019-11-19T12:19:02Z
222686015,https://github.com/ganeshvana/SBP-NOV-19,ganeshvana,2019-11-19T12:00:47Z
222689346,https://github.com/berkuay/depo,berkuay,2019-11-19T12:19:46Z
222686530,https://github.com/makarbaderko/Pygame-racing,makarbaderko,2019-11-19T12:03:58Z
222692582,https://github.com/edbrowneyes/invoice_generator,edbrowneyes,2019-11-19T12:37:04Z
222695170,https://github.com/DefeatAndVictory/AID1911,DefeatAndVictory,2019-11-19T12:50:28Z
222688132,https://github.com/katelynmiller2112/Album_Sentiment_Analysis,katelynmiller2112,2019-11-19T12:12:53Z
222688750,https://github.com/cyber-elric/djangoweb,cyber-elric,2019-11-19T12:16:30Z
222694245,https://github.com/tingyucheng/NTUEE_test,tingyucheng,2019-11-19T12:45:14Z
222690302,https://github.com/orasimus/snrg,orasimus,2019-11-19T12:24:49Z
222689075,https://github.com/tanyafish/minimu-CERN,tanyafish,2019-11-19T12:18:25Z
222692282,https://github.com/pukhraj-sjc/Hello-world,pukhraj-sjc,2019-11-19T12:35:42Z
222687676,https://github.com/KolasikOmetov/Voice-Toys,KolasikOmetov,2019-11-19T12:10:15Z
222693468,https://github.com/elimarmacena/appet_back,elimarmacena,2019-11-19T12:41:25Z
222692368,https://github.com/ArnasSteponavicius00/corner_detection_opencv2,ArnasSteponavicius00,2019-11-19T12:36:09Z
222690256,https://github.com/Daniiarz/neobis_crm_food,Daniiarz,2019-11-19T12:24:32Z
222695340,https://github.com/Sigmarik/School-Slon,Sigmarik,2019-11-19T12:51:22Z
222689625,https://github.com/StailFX/itjp_rss_bot,StailFX,2019-11-19T12:21:11Z
222687241,https://github.com/vxda7/project08,vxda7,2019-11-19T12:07:49Z
222696504,https://github.com/mpierre14000/bomber_project,mpierre14000,2019-11-19T12:57:11Z
222693708,https://github.com/mukwazhi/SRMS,mukwazhi,2019-11-19T12:42:41Z
222689120,https://github.com/Retr0327/Corpus,Retr0327,2019-11-19T12:18:41Z
222694136,https://github.com/Jaosn-Jun/NTUEE-CP-LAB-,Jaosn-Jun,2019-11-19T12:44:44Z
222693794,https://github.com/tonybjorkman/raaco-organizer,tonybjorkman,2019-11-19T12:43:10Z
222686288,https://github.com/MilovanTomasevic/Delete-all-messages-from-facebook-in-a-few-seconds-2019-2020,MilovanTomasevic,2019-11-19T12:02:30Z
222689116,https://github.com/modarm-e/Python_Face_Recognition,modarm-e,2019-11-19T12:18:39Z
222695140,https://github.com/PIRI80/-,PIRI80,2019-11-19T12:50:19Z
222690316,https://github.com/kelvin169/BioPay,kelvin169,2019-11-19T12:24:52Z
222690352,https://github.com/MoCuishle28/deep-learning-practice,MoCuishle28,2019-11-19T12:25:06Z
222695252,https://github.com/AgentSu/repo_try,AgentSu,2019-11-19T12:50:56Z
222694466,https://github.com/O1ympicbear/mailing-of-letters,O1ympicbear,2019-11-19T12:46:32Z
222695557,https://github.com/RicardoParizotto/Calypso,RicardoParizotto,2019-11-19T12:52:23Z
222688201,https://github.com/assafneudorfer/simple_img_prodess,assafneudorfer,2019-11-19T12:13:18Z
222690424,https://github.com/Syntomy/space-api,Syntomy,2019-11-19T12:25:36Z
222692033,https://github.com/conorshortt123/ImageCornerDetection-Py,conorshortt123,2019-11-19T12:34:16Z
222691504,https://github.com/hizikNewton/cocoa-disease-prediction,hizikNewton,2019-11-19T12:31:20Z
222693006,https://github.com/Nonuld/AdventCode2018,Nonuld,2019-11-19T12:39:07Z
222688672,https://github.com/josepardoserpis/din,josepardoserpis,2019-11-19T12:16:02Z
222686848,https://github.com/makarbaderko/ACMP_TASKS_SOLUTIONS,makarbaderko,2019-11-19T12:05:46Z
222688666,https://github.com/markmingjie/markmingjie.github.io,markmingjie,2019-11-19T12:16:01Z
222690407,https://github.com/kangraemin/airbnb-clone,kangraemin,2019-11-19T12:25:30Z
222689231,https://github.com/chandan0770/Exilent-Bill-System,chandan0770,2019-11-19T12:19:11Z
222691645,https://github.com/iseedwyane/ur5,iseedwyane,2019-11-19T12:32:07Z
222690177,https://github.com/TechAcademyBootcamp/08-week-02-day-mestinesibov,TechAcademyBootcamp,2019-11-19T12:24:10Z
222692734,https://github.com/Gudruna02/vef-3_skil7,Gudruna02,2019-11-19T12:37:46Z
222691384,https://github.com/maratkhasanov86/git_project1,maratkhasanov86,2019-11-19T12:30:44Z
222687097,https://github.com/simonjones28/SUGAR-Caxiuana,simonjones28,2019-11-19T12:07:03Z
222693092,https://github.com/franciscojavierarceo/drf-django-x,franciscojavierarceo,2019-11-19T12:39:29Z
222694289,https://github.com/Mejay013/FlaskBlog,Mejay013,2019-11-19T12:45:32Z
222693104,https://github.com/theambidextrous/py-learn-trail,theambidextrous,2019-11-19T12:39:30Z
222696701,https://github.com/DiogoASTeixeira/SINF-Intercompany,DiogoASTeixeira,2019-11-19T12:58:21Z
222694852,https://github.com/geekypandey/ACTS-Automated-College-Timetable-Setter,geekypandey,2019-11-19T12:48:44Z
222691318,https://github.com/fmcalcagno/croissant,fmcalcagno,2019-11-19T12:30:28Z
222689467,https://github.com/officexlr/frappe-metabase,officexlr,2019-11-19T12:20:20Z
222692501,https://github.com/laur34/automatize_sample_sheet,laur34,2019-11-19T12:36:42Z
222695594,https://github.com/maxmartinezruts/Ant-Colony-Optimization,maxmartinezruts,2019-11-19T12:52:35Z
222687625,https://github.com/prisilamichelle/MovieReviewSentimentAnalyzer,prisilamichelle,2019-11-19T12:09:57Z
222686775,https://github.com/hvariant/shreddit2,hvariant,2019-11-19T12:05:23Z
222690441,https://github.com/54adana/News-Highlights,54adana,2019-11-19T12:25:42Z
222695502,https://github.com/adnaan-ahmad/hello_world,adnaan-ahmad,2019-11-19T12:52:07Z
222689515,https://github.com/MiCRoPhoBIC/icinga2api-to-influxdb,MiCRoPhoBIC,2019-11-19T12:20:35Z
222695491,https://github.com/thankyoumyteens/markdown2epub,thankyoumyteens,2019-11-19T12:52:04Z
222687867,https://github.com/AprilLJX/PCC,AprilLJX,2019-11-19T12:11:20Z
222689212,https://github.com/benjaminBoboul/python-snippets,benjaminBoboul,2019-11-19T12:19:07Z
222696286,https://github.com/furnivall/West_Dunbartonshire_Absence,furnivall,2019-11-19T12:56:09Z
222685921,https://github.com/makarbaderko/kesha_ai_helper,makarbaderko,2019-11-19T12:00:16Z
222696565,https://github.com/polcats/FlexiAssistant,polcats,2019-11-19T12:57:29Z
222692470,https://github.com/mauodias/botsapp,mauodias,2019-11-19T12:36:35Z
222696841,https://github.com/InternalCode/GreedyMiner,InternalCode,2019-11-19T12:59:00Z
222687779,https://github.com/bischmlb/OnlineVagtplan,bischmlb,2019-11-19T12:10:50Z
222685893,https://github.com/yulianaisabela/apotek,yulianaisabela,2019-11-19T12:00:08Z
222687144,https://github.com/Holeur/botCheckTable,Holeur,2019-11-19T12:07:17Z
222693924,https://github.com/cadLP/CPT,cadLP,2019-11-19T12:43:46Z
222691239,https://github.com/Yahyaabualhaj/graphQL_demo_0,Yahyaabualhaj,2019-11-19T12:30:07Z
222690982,https://github.com/Osmago/BPSM_LectureExercises,Osmago,2019-11-19T12:28:46Z
222695268,https://github.com/sal-uva/cross-platform-research,sal-uva,2019-11-19T12:51:01Z
222696623,https://github.com/renatocsare/Python-NLP,renatocsare,2019-11-19T12:57:51Z
222692692,https://github.com/AyaAlzahy/Berekly-Project-2-Multi-Agent-Search,AyaAlzahy,2019-11-19T12:37:36Z
222693972,https://github.com/Angeloquim/exp7,Angeloquim,2019-11-19T12:43:57Z
222694086,https://github.com/redskylark1995/test,redskylark1995,2019-11-19T12:44:30Z
222690687,https://github.com/flyindeep/test,flyindeep,2019-11-19T12:27:03Z
222695829,https://github.com/magdalinesisungo/Django,magdalinesisungo,2019-11-19T12:53:45Z
222690034,https://github.com/spencer-hanson1/RPN-calculator,spencer-hanson1,2019-11-19T12:23:27Z
222694448,https://github.com/jecdurvalo/script_scrap,jecdurvalo,2019-11-19T12:46:26Z
222692830,https://github.com/Shakhrizod/search_python,Shakhrizod,2019-11-19T12:38:07Z
222693284,https://github.com/swimmy4days/brainfuck,swimmy4days,2019-11-19T12:40:29Z
222692333,https://github.com/ktomala/tcutils,ktomala,2019-11-19T12:35:56Z
222693411,https://github.com/valohai/g-suite-tools,valohai,2019-11-19T12:41:06Z
222689267,https://github.com/OmerFarukTekgozoglu/Machine-Learning-Multiple-Linear-Regressin-with-Backward-Elimination,OmerFarukTekgozoglu,2019-11-19T12:19:21Z
222686529,https://github.com/vivekbarsagadey/Bug_Management_System,vivekbarsagadey,2019-11-19T12:03:58Z
222688592,https://github.com/wep21/onnx_trt_test,wep21,2019-11-19T12:15:35Z
222693846,https://github.com/roihitvishwakarma/Snake-Water-Gun,roihitvishwakarma,2019-11-19T12:43:26Z
222691849,https://github.com/andersonlthome/auto-create-bot,andersonlthome,2019-11-19T12:33:17Z
222690828,https://github.com/sagarrajroul/reduce_function_hackerrank,sagarrajroul,2019-11-19T12:27:52Z
222692294,https://github.com/rajatdua27/Wikipedia-search-Engine,rajatdua27,2019-11-19T12:35:45Z
222686421,https://github.com/yanama123/Learning_curves,yanama123,2019-11-19T12:03:19Z
222686722,https://github.com/NOGU626/Python3_Syslog_separate,NOGU626,2019-11-19T12:05:04Z
222694512,https://github.com/Hchyeria/some-data-structure-and-algorithm,Hchyeria,2019-11-19T12:46:45Z
222691241,https://github.com/voipep/test2,voipep,2019-11-19T12:30:07Z
222686211,https://github.com/soraping/fluent,soraping,2019-11-19T12:01:58Z
222687176,https://github.com/Gabriel426/Temp,Gabriel426,2019-11-19T12:07:30Z
222695284,https://github.com/dani-ddl/document_format_zoopet,dani-ddl,2019-11-19T12:51:06Z
222696752,https://github.com/kdougla01/flask-rest-mongodb,kdougla01,2019-11-19T12:58:34Z
222693977,https://github.com/carlacodes/testnov19,carlacodes,2019-11-19T12:43:58Z
222691582,https://github.com/connie993424/connie_practice,connie993424,2019-11-19T12:31:46Z
222694110,https://github.com/Muneeshd/AMI-snapshot,Muneeshd,2019-11-19T12:44:37Z
222695020,https://github.com/Greg-Kim/Python_Challenge_Solutions,Greg-Kim,2019-11-19T12:49:43Z
222686658,https://github.com/satyakireet/Long-Green-Detection-and-Conversion,satyakireet,2019-11-19T12:04:46Z
222685903,https://github.com/XL1214520/The-story,XL1214520,2019-11-19T12:00:10Z
222694854,https://github.com/kafder97/mag,kafder97,2019-11-19T12:48:45Z
222690363,https://github.com/gidsey/unit_10_flask_rest_api,gidsey,2019-11-19T12:25:10Z
222693960,https://github.com/RBLeon/empty,RBLeon,2019-11-19T12:43:55Z
222691737,https://github.com/NikolayVaklinov10/MIT_Algorithms_Class,NikolayVaklinov10,2019-11-19T12:32:37Z
222691429,https://github.com/o7n/kibana-tools,o7n,2019-11-19T12:30:57Z
222694767,https://github.com/SHAKILEASH/ITER-Trip-app-,SHAKILEASH,2019-11-19T12:48:15Z
222688023,https://github.com/Suraj1127/gis-statistics,Suraj1127,2019-11-19T12:12:16Z
222690715,https://github.com/Differin3/chat,Differin3,2019-11-19T12:27:15Z
222693824,https://github.com/Randhyprtama/marsing,Randhyprtama,2019-11-19T12:43:21Z
222693667,https://github.com/Jyldyzbek/P2Task16,Jyldyzbek,2019-11-19T12:42:28Z
222690552,https://github.com/alexhill745/Python,alexhill745,2019-11-19T12:26:24Z
222691990,https://github.com/zamanzad/eQTL-analysis,zamanzad,2019-11-19T12:34:05Z
222688484,https://github.com/kostanakhamkin/pyqtpr_ksnkh,kostanakhamkin,2019-11-19T12:14:54Z
222695147,https://github.com/802-11ez/PyNEng,802-11ez,2019-11-19T12:50:22Z
222690450,https://github.com/amazinglzy/custom-search-engine,amazinglzy,2019-11-19T12:25:43Z
222696689,https://github.com/sameeul/duplication_detector,sameeul,2019-11-19T12:58:15Z
222695154,https://github.com/peterjcwu/gym-player,peterjcwu,2019-11-19T12:50:25Z
222693837,https://github.com/jillalavenkatreddy7/FeedbackSystemCode,jillalavenkatreddy7,2019-11-19T12:43:24Z
222696922,https://github.com/Ostap309/ost309_git_project1,Ostap309,2019-11-19T12:59:26Z
222687132,https://github.com/IulianStave/surve_flask_email_postgres,IulianStave,2019-11-19T12:07:13Z
222688340,https://github.com/kevinherman1104/ITP_Assignments,kevinherman1104,2019-11-19T12:14:06Z
222695043,https://github.com/fpsom/variant-calling-pipeline,fpsom,2019-11-19T12:49:52Z
222689130,https://github.com/nibaer/auto_pic_iden,nibaer,2019-11-19T12:18:44Z
222688702,https://github.com/joergeschmann/counselor,joergeschmann,2019-11-19T12:16:11Z
222690135,https://github.com/PathPet/PathPet-Hardware-side,PathPet,2019-11-19T12:23:58Z
222694728,https://github.com/Zqwkeven/SimulateMoocData,Zqwkeven,2019-11-19T12:48:00Z
222686539,https://github.com/sarnaizgarcia/flask_app,sarnaizgarcia,2019-11-19T12:04:02Z
222692079,https://github.com/samecoral/python,samecoral,2019-11-19T12:34:32Z
222695232,https://github.com/gaoxinyue/The_Second_Contest,gaoxinyue,2019-11-19T12:50:51Z
222688600,https://github.com/sunnybharel/password_generator,sunnybharel,2019-11-19T12:15:37Z
222694626,https://github.com/bangunyuk/DarkFb,bangunyuk,2019-11-19T12:47:23Z
222689929,https://github.com/hadeelfleifel/Python-Exercises,hadeelfleifel,2019-11-19T12:22:50Z
222690854,https://github.com/AbeerJaafreh/Python-Exercise-,AbeerJaafreh,2019-11-19T12:28:02Z
222695750,https://github.com/Howard950167/NTU_EECP_DEMO,Howard950167,2019-11-19T12:53:19Z
222689084,https://github.com/GJAE-nv/mlflow_test,GJAE-nv,2019-11-19T12:18:30Z
222689482,https://github.com/JonKim-bot/fck,JonKim-bot,2019-11-19T12:20:25Z
222691153,https://github.com/verycosy/deepRTC,verycosy,2019-11-19T12:29:43Z
222687571,https://github.com/ddche/PFBNet,ddche,2019-11-19T12:09:40Z
222691209,https://github.com/devellopah/polls,devellopah,2019-11-19T12:29:57Z
222694756,https://github.com/ArviRA/ITER,ArviRA,2019-11-19T12:48:09Z
222690662,https://github.com/RasmusWL/travis-test,RasmusWL,2019-11-19T12:26:55Z
222692167,https://github.com/XjyaWs/Hangman,XjyaWs,2019-11-19T12:34:54Z
222692863,https://github.com/dffitzsi/ACloudGuru-Automating-AWS,dffitzsi,2019-11-19T12:38:17Z
222696449,https://github.com/alterintel/PrivateQuickfire,alterintel,2019-11-19T12:56:57Z
222687968,https://github.com/arfaghif/Python-Compiler-CNF,arfaghif,2019-11-19T12:11:58Z