10644902,https://github.com/cznic/fsm,cznic,2013-06-12T14:42:49Z
10644867,https://github.com/nordicdyno/gophers,nordicdyno,2013-06-12T14:40:35Z