18949089,https://github.com/JonathanRaiman/rsm,JonathanRaiman,2014-04-19T19:33:25Z
18949344,https://github.com/psjay/PyLocache,psjay,2014-04-19T19:46:59Z
18949241,https://github.com/hwmay/pordb3,hwmay,2014-04-19T19:41:53Z
18948617,https://github.com/mjpizz/hackista,mjpizz,2014-04-19T19:07:42Z
18948582,https://github.com/alexkn/PytzBox,alexkn,2014-04-19T19:05:46Z
18948566,https://github.com/kstep/ajenti-dnsmasq,kstep,2014-04-19T19:04:58Z
18948632,https://github.com/zorchenhimer/NoudaEngine,zorchenhimer,2014-04-19T19:08:23Z
18948569,https://github.com/JessicaGarson/Deduplicate_playtime,JessicaGarson,2014-04-19T19:05:08Z
18948835,https://github.com/aviler/hopin-server,aviler,2014-04-19T19:20:02Z
18949108,https://github.com/isharacomix/httpmud,isharacomix,2014-04-19T19:34:33Z
18948608,https://github.com/benjunker/15112-Term-Project-S14,benjunker,2014-04-19T19:06:57Z
18949470,https://github.com/vovayatsyuk/sublime-ip-address,vovayatsyuk,2014-04-19T19:54:10Z
18949226,https://github.com/kneufeld/TxMDP,kneufeld,2014-04-19T19:41:17Z
18949185,https://github.com/jimsteph/IntroToPython,jimsteph,2014-04-19T19:38:50Z
18948841,https://github.com/akatrevorjay/crawlfisher,akatrevorjay,2014-04-19T19:20:11Z
18949234,https://github.com/eosterberg/coffeescript_tern_for_sublime,eosterberg,2014-04-19T19:41:45Z
18948848,https://github.com/kahnvex/mileagebe,kahnvex,2014-04-19T19:20:34Z
18949465,https://github.com/picharmers/AWS-Server-Scripts,picharmers,2014-04-19T19:53:53Z
18948634,https://github.com/picharmers/GPIO,picharmers,2014-04-19T19:08:24Z
18948474,https://github.com/nightphoenix13/PythonClassProjects,nightphoenix13,2014-04-19T19:00:43Z
18948596,https://github.com/truckson/playtime,truckson,2014-04-19T19:06:32Z
18949194,https://github.com/tomviner/chess,tomviner,2014-04-19T19:39:14Z
18949509,https://github.com/thomaswhyyou/SevenRooms-Coding-Challenge,thomaswhyyou,2014-04-19T19:56:44Z