137648954,https://github.com/wakin-/simple_ap,wakin-,2018-06-17T11:09:42Z
137650333,https://github.com/kaggie/mripy,kaggie,2018-06-17T11:33:57Z
137650316,https://github.com/syamkakarla98/Kernel-PCA-Using-Different-Kernels-With-Classification,syamkakarla98,2018-06-17T11:33:44Z
137649412,https://github.com/vinitjogani/diny,vinitjogani,2018-06-17T11:18:29Z
137649927,https://github.com/vlamdao/python-wcup,vlamdao,2018-06-17T11:26:49Z
137651285,https://github.com/wizzymore/grepolis,wizzymore,2018-06-17T11:50:50Z
137650879,https://github.com/mojtabanorouzie/Holonic-Multi-Agent-System-TSC,mojtabanorouzie,2018-06-17T11:43:19Z
137650218,https://github.com/thealokkr/Utilites,thealokkr,2018-06-17T11:32:12Z
137650468,https://github.com/mchll05/project_python,mchll05,2018-06-17T11:36:32Z
137648504,https://github.com/maybefeicun/nn_cnn_text_classification,maybefeicun,2018-06-17T11:01:46Z
137649837,https://github.com/dennysreg/codefights,dennysreg,2018-06-17T11:25:13Z
137651676,https://github.com/guyskk/weirb,guyskk,2018-06-17T11:57:43Z
137649862,https://github.com/anharu2394/pasta-classifier,anharu2394,2018-06-17T11:25:40Z
137650908,https://github.com/openfisca/reform-simulator,openfisca,2018-06-17T11:43:47Z
137649193,https://github.com/anmolaithinker/Algorithms-Practise,anmolaithinker,2018-06-17T11:13:57Z
137651495,https://github.com/wiljohnhong/financial-news-search-engine,wiljohnhong,2018-06-17T11:54:48Z
137649739,https://github.com/dolokov/pacifier-remover,dolokov,2018-06-17T11:23:36Z
137651189,https://github.com/developma/dockerfile,developma,2018-06-17T11:49:00Z
137650397,https://github.com/eeghor/emailproviders,eeghor,2018-06-17T11:35:03Z
137650290,https://github.com/SyedHimaayath/Log-analysis,SyedHimaayath,2018-06-17T11:33:20Z
137649566,https://github.com/match8969/home_works,match8969,2018-06-17T11:21:15Z
137649809,https://github.com/vivorimage-tangxf/tech_documents_web,vivorimage-tangxf,2018-06-17T11:24:43Z
137649894,https://github.com/sphoortisood/Pieriandx,sphoortisood,2018-06-17T11:26:19Z
137648766,https://github.com/VladPuzhanivskyi/practice-python,VladPuzhanivskyi,2018-06-17T11:06:38Z
137649590,https://github.com/RikHendriks/MetroMap,RikHendriks,2018-06-17T11:21:26Z
137650390,https://github.com/ryoctrl/APRB,ryoctrl,2018-06-17T11:34:57Z
137650667,https://github.com/ishanbhatt/CeleraOne,ishanbhatt,2018-06-17T11:39:48Z
137649997,https://github.com/WoolBae/crawling,WoolBae,2018-06-17T11:28:02Z
137651668,https://github.com/theatz/pyminer,theatz,2018-06-17T11:57:35Z
137649929,https://github.com/rohit8932/idk,rohit8932,2018-06-17T11:26:50Z
137648989,https://github.com/Abishek1661/Abishek,Abishek1661,2018-06-17T11:10:28Z
137649575,https://github.com/Fr1m3n/dora,Fr1m3n,2018-06-17T11:21:19Z
137651248,https://github.com/Curry-K7/Python,Curry-K7,2018-06-17T11:50:07Z
137651771,https://github.com/MoeMoeMortimer/TFtest,MoeMoeMortimer,2018-06-17T11:59:26Z
137651442,https://github.com/Milindkrishna98/Milind-Krishna-,Milindkrishna98,2018-06-17T11:53:57Z
137651496,https://github.com/jbasement/tango_with_django,jbasement,2018-06-17T11:54:48Z
137650530,https://github.com/madhurendrayash/systematic_file_arrangement,madhurendrayash,2018-06-17T11:37:29Z
137650300,https://github.com/saulocatharino/tweet_stream,saulocatharino,2018-06-17T11:33:28Z
137649844,https://github.com/mrugankray/SVM,mrugankray,2018-06-17T11:25:19Z
137648716,https://github.com/mauriceling/serebo,mauriceling,2018-06-17T11:05:41Z
137649901,https://github.com/ibrahem-kamal/item-catalog,ibrahem-kamal,2018-06-17T11:26:24Z
137649455,https://github.com/so-coolboy/cat_dog_classification,so-coolboy,2018-06-17T11:19:23Z
137648725,https://github.com/matrixbingo/tushare-data,matrixbingo,2018-06-17T11:05:53Z
137649049,https://github.com/apper2112/Find-keyword,apper2112,2018-06-17T11:11:22Z
137650723,https://github.com/reicja/hmmobjective,reicja,2018-06-17T11:40:49Z
137650726,https://github.com/itman0101/django-personal-website-blog,itman0101,2018-06-17T11:40:51Z
137651641,https://github.com/sritamdasindia/restapitest,sritamdasindia,2018-06-17T11:57:06Z
137651233,https://github.com/majbog/Flask_PsyTest,majbog,2018-06-17T11:49:54Z
137651320,https://github.com/janpiter/fbcrawler,janpiter,2018-06-17T11:51:35Z
137650687,https://github.com/IsWdZh/Python-Spider,IsWdZh,2018-06-17T11:40:09Z
137651180,https://github.com/dsementsov/python.cousrse.mitx,dsementsov,2018-06-17T11:48:54Z
137648653,https://github.com/mrugankray/Decision_tree_regression,mrugankray,2018-06-17T11:04:27Z
137648663,https://github.com/waschag-tvk/pyente,waschag-tvk,2018-06-17T11:04:36Z
137648664,https://github.com/luforst/kurvendiskussion,luforst,2018-06-17T11:04:37Z
137648771,https://github.com/ZOwl/mavic-pro-root,ZOwl,2018-06-17T11:06:42Z
137649736,https://github.com/himanshuk32/Trajectory-following-on-Pioneer-using-ROS,himanshuk32,2018-06-17T11:23:33Z
137651699,https://github.com/bibekpaul9/medium-clone,bibekpaul9,2018-06-17T11:58:13Z
137650556,https://github.com/Tom27k/Projects_Combustion,Tom27k,2018-06-17T11:37:52Z
137648816,https://github.com/tesserato/Dissertacao,tesserato,2018-06-17T11:07:19Z
137648512,https://github.com/perrycharlton/vueFlaskProm,perrycharlton,2018-06-17T11:01:57Z
137651796,https://github.com/maybedy/jjavis,maybedy,2018-06-17T11:59:54Z
137651142,https://github.com/RedGobblin/ROT-TOOL-LINUX-,RedGobblin,2018-06-17T11:48:14Z
137649288,https://github.com/HrithikRai/Facial-Expression-to-Emoji,HrithikRai,2018-06-17T11:16:02Z
137649740,https://github.com/vabyte/SQL-Map,vabyte,2018-06-17T11:23:38Z
137649946,https://github.com/emlun/midnight-sun-ctf-crazy-circuit-conundrum,emlun,2018-06-17T11:27:15Z
137649169,https://github.com/genughaben/shoptrail-yolo,genughaben,2018-06-17T11:13:31Z
137648454,https://github.com/Eskatrem/memory-game,Eskatrem,2018-06-17T11:00:41Z
137648540,https://github.com/RyoYumo/ProjectileMotion,RyoYumo,2018-06-17T11:02:15Z
137648968,https://github.com/fc392/classifier,fc392,2018-06-17T11:10:00Z
137649677,https://github.com/XiaohuiLee/PythonInActions,XiaohuiLee,2018-06-17T11:22:40Z
137650969,https://github.com/laminmohmoh/python_exercises,laminmohmoh,2018-06-17T11:44:43Z
137649362,https://github.com/Vector22/django-miniblog,Vector22,2018-06-17T11:17:25Z
137648735,https://github.com/FarsanRashid/search-guardian-news,FarsanRashid,2018-06-17T11:06:13Z
137649972,https://github.com/CowDavid/pytorch-chatbot-hierarchical,CowDavid,2018-06-17T11:27:42Z
137649996,https://github.com/USECAP/ci-tools,USECAP,2018-06-17T11:28:01Z
137651568,https://github.com/kooldawg/dvp-u3-constellations,kooldawg,2018-06-17T11:55:57Z
137650422,https://github.com/BenSikkens/Adresboek,BenSikkens,2018-06-17T11:35:31Z
137649379,https://github.com/CaiMingRui/WEIBO_ACTOR_USER_COMMENTS,CaiMingRui,2018-06-17T11:17:45Z
137649482,https://github.com/Abishek1661/AbishekBot1,Abishek1661,2018-06-17T11:19:52Z
137649951,https://github.com/Neighbor-Mr-Wang/The-heart-of-a-rose,Neighbor-Mr-Wang,2018-06-17T11:27:23Z
137648823,https://github.com/anakarinadp/labyrinth-game-server-application,anakarinadp,2018-06-17T11:07:23Z
137649213,https://github.com/mrugankray/Random_forest_regression,mrugankray,2018-06-17T11:14:20Z
137649324,https://github.com/stepanevich/cian-parser,stepanevich,2018-06-17T11:16:41Z
137648723,https://github.com/acabhishek942/HackerEarthJuneCircuit,acabhishek942,2018-06-17T11:05:52Z
137648760,https://github.com/wuxiaojie/python-study,wuxiaojie,2018-06-17T11:06:34Z
137651481,https://github.com/KXXH/SCU_JWC_toolkit,KXXH,2018-06-17T11:54:36Z
137651084,https://github.com/RWare12/trafficFlowParser,RWare12,2018-06-17T11:47:19Z
137651071,https://github.com/shridhar-hegde/Talkative,shridhar-hegde,2018-06-17T11:47:00Z
137650244,https://github.com/HappyTatsuhito/speech_move,HappyTatsuhito,2018-06-17T11:32:40Z
137649532,https://github.com/chrisyang-tw/Chatbot_for_Credit_Card,chrisyang-tw,2018-06-17T11:20:49Z
137649064,https://github.com/jondo201010/linearregression,jondo201010,2018-06-17T11:11:38Z
137649675,https://github.com/mrugankray/K_nearest_neighbours,mrugankray,2018-06-17T11:22:39Z
137651565,https://github.com/HuyNguyen7994/gambling,HuyNguyen7994,2018-06-17T11:55:54Z
137650334,https://github.com/pkverma131/l2d,pkverma131,2018-06-17T11:33:58Z
137649961,https://github.com/HrithikRai/gpu-check,HrithikRai,2018-06-17T11:27:33Z
137651516,https://github.com/Alaleh/Py_practice,Alaleh,2018-06-17T11:55:05Z
137651777,https://github.com/sprinterRu/fashion_mnist,sprinterRu,2018-06-17T11:59:32Z
137648848,https://github.com/HrithikRai/Transfer-Learning_Models,HrithikRai,2018-06-17T11:07:48Z
137650176,https://github.com/gilga4561/SelfBotak,gilga4561,2018-06-17T11:31:24Z
137648713,https://github.com/lukeqin/rateldu,lukeqin,2018-06-17T11:05:37Z
137648754,https://github.com/archangel2018/dockerfiles,archangel2018,2018-06-17T11:06:29Z
137648834,https://github.com/krasninja/misc,krasninja,2018-06-17T11:07:34Z
137650058,https://github.com/abhashkumar/Databases_sql,abhashkumar,2018-06-17T11:29:15Z
137650203,https://github.com/MaxBarraclough/ExamplePrometheusGauge,MaxBarraclough,2018-06-17T11:32:01Z
137649409,https://github.com/mrugankray/Logistic_regression,mrugankray,2018-06-17T11:18:25Z
137648450,https://github.com/flying2020/sample,flying2020,2018-06-17T11:00:37Z
137651719,https://github.com/N-kelkay/Google-Dinosaur-Bot,N-kelkay,2018-06-17T11:58:29Z
137649721,https://github.com/MBKraus/Dutch_traffic_info_scraper,MBKraus,2018-06-17T11:23:18Z