212915479,https://github.com/houbb/rpc,houbb,2019-10-04T23:02:11Z
212915791,https://github.com/BraedenWorcester/Big-Cahuna,BraedenWorcester,2019-10-04T23:05:26Z
212915429,https://github.com/deepdive-codeathon/watermelon,deepdive-codeathon,2019-10-04T23:01:39Z
212916125,https://github.com/deepdive-codeathon/chicken-chasers,deepdive-codeathon,2019-10-04T23:09:13Z
212919110,https://github.com/SravyaKatpally/EventTicketBookingProject,SravyaKatpally,2019-10-04T23:42:37Z
212916388,https://github.com/mazennasfi/Carpool-Platform,mazennasfi,2019-10-04T23:12:09Z
212918689,https://github.com/tahiiro/XO,tahiiro,2019-10-04T23:37:58Z
212919825,https://github.com/TheJulius/Pedido,TheJulius,2019-10-04T23:51:35Z
212919906,https://github.com/VivekMadishetty07/Group2_F2019_MAD3463_FP_working,VivekMadishetty07,2019-10-04T23:52:33Z
212916529,https://github.com/iGFerrari430/XiaowenZhu_Illumio_OA,iGFerrari430,2019-10-04T23:13:43Z
212916549,https://github.com/amkeller/RogueLike,amkeller,2019-10-04T23:13:57Z
212919432,https://github.com/KellyRhet1999/Project_05,KellyRhet1999,2019-10-04T23:46:28Z
212918766,https://github.com/yash730/Hackout19,yash730,2019-10-04T23:38:52Z
212916511,https://github.com/truncador/agenda,truncador,2019-10-04T23:13:30Z
212920021,https://github.com/pandrills/Grid,pandrills,2019-10-04T23:53:59Z
212918277,https://github.com/tarcisioreis/regpeople,tarcisioreis,2019-10-04T23:32:43Z
212919184,https://github.com/tsepol/cli_mgr_example,tsepol,2019-10-04T23:43:25Z
212918440,https://github.com/edveloso/bootapp,edveloso,2019-10-04T23:34:42Z
212915846,https://github.com/awsaf11/SOS_Game_App,awsaf11,2019-10-04T23:06:05Z
212916090,https://github.com/cwhart/RestTestingProject,cwhart,2019-10-04T23:08:51Z
212919185,https://github.com/Evgeny268/SimpleChat-AndroidApp,Evgeny268,2019-10-04T23:43:27Z
212918446,https://github.com/492Nk3938/ComS228HW2,492Nk3938,2019-10-04T23:34:45Z
212919942,https://github.com/rumbledot/SWEN-502,rumbledot,2019-10-04T23:52:56Z
212916801,https://github.com/OscarTenesaca/SE_PracticaLF,OscarTenesaca,2019-10-04T23:16:46Z
212916740,https://github.com/charanpreetkaur026/PayRollSystem1,charanpreetkaur026,2019-10-04T23:15:57Z
212920300,https://github.com/anoopjosek/shapemetrics,anoopjosek,2019-10-04T23:57:15Z
212917238,https://github.com/obj2-unahur-2019s2/maquina-gaseosas-Pepitalapistolera,obj2-unahur-2019s2,2019-10-04T23:21:34Z
212919123,https://github.com/MarLubanco/crud-jpa-faculdade,MarLubanco,2019-10-04T23:42:42Z
212917597,https://github.com/cst438sp19/first-spring-project-dclinkenbeard,cst438sp19,2019-10-04T23:25:29Z
212916281,https://github.com/7isenko/java,7isenko,2019-10-04T23:11:06Z
212918337,https://github.com/Rena91/practice,Rena91,2019-10-04T23:33:31Z
212916114,https://github.com/jakelandis/index-benchmark,jakelandis,2019-10-04T23:09:04Z
212920462,https://github.com/IagoSilvaSantos/auladespring,IagoSilvaSantos,2019-10-04T23:58:54Z
212920409,https://github.com/AhmedWageeh95/MusicCloud,AhmedWageeh95,2019-10-04T23:58:18Z
212917301,https://github.com/takahash1/ControleExperimento,takahash1,2019-10-04T23:22:17Z
212915798,https://github.com/IchMagOmasKekse/Geld-System,IchMagOmasKekse,2019-10-04T23:05:28Z
212917538,https://github.com/fdgifford3/ProxyWeek6FGifford,fdgifford3,2019-10-04T23:24:45Z
212917196,https://github.com/obj2-unahur-2019s2/n3fli-Pepitalapistolera,obj2-unahur-2019s2,2019-10-04T23:21:07Z
212917926,https://github.com/alineldeo/ProjetoIntegradorIncompleto,alineldeo,2019-10-04T23:28:54Z
212918081,https://github.com/rexkotlin/DramaApp,rexkotlin,2019-10-04T23:30:39Z
212920023,https://github.com/kslangr/findNumbers,kslangr,2019-10-04T23:54:01Z
212915857,https://github.com/n0ise9914/ubeac,n0ise9914,2019-10-04T23:06:14Z
212917050,https://github.com/VandersonAssis/market-place-products,VandersonAssis,2019-10-04T23:19:25Z
212916973,https://github.com/sunnygijoe/craps-simulation2,sunnygijoe,2019-10-04T23:18:38Z
212919665,https://github.com/CharlesLuxinger/SpringMVCProject,CharlesLuxinger,2019-10-04T23:49:27Z
212919593,https://github.com/Diones9003/cursomc,Diones9003,2019-10-04T23:48:23Z
212917531,https://github.com/isarobeadot/i-sw-mines,isarobeadot,2019-10-04T23:24:41Z
212916297,https://github.com/matheusm3/ToDo,matheusm3,2019-10-04T23:11:22Z
212916346,https://github.com/klindo1991/The-Great-J,klindo1991,2019-10-04T23:11:49Z
212916554,https://github.com/jwo-salesforce/data-lineage,jwo-salesforce,2019-10-04T23:13:59Z
212915680,https://github.com/ksharm38/CSE360-Fall-2019-Assignment-2,ksharm38,2019-10-04T23:04:06Z
212916256,https://github.com/ArtemSVd/rss---test,ArtemSVd,2019-10-04T23:10:47Z
212919623,https://github.com/SatishModugu/IoTDistanceSensor,SatishModugu,2019-10-04T23:48:47Z
212918448,https://github.com/htakeuchi0/java_env_sample,htakeuchi0,2019-10-04T23:34:48Z
212917542,https://github.com/zorinamaika/My-REST-API,zorinamaika,2019-10-04T23:24:47Z
212919512,https://github.com/AlanTas/ChartVision,AlanTas,2019-10-04T23:47:25Z
212919009,https://github.com/AcxelMorales/Spring-MVC,AcxelMorales,2019-10-04T23:41:22Z
212916000,https://github.com/JohnnHidalgo/TelegramBot,JohnnHidalgo,2019-10-04T23:07:50Z
212916454,https://github.com/KaranamVijayKumar/home-finder,KaranamVijayKumar,2019-10-04T23:12:50Z
212918607,https://github.com/SayWut/TicTacToe,SayWut,2019-10-04T23:37:00Z
212917248,https://github.com/YuriHagel/Servlet,YuriHagel,2019-10-04T23:21:43Z
212917295,https://github.com/obj2-unahur-2019s2/tp1-Pepitalapistolera,obj2-unahur-2019s2,2019-10-04T23:22:14Z
212917402,https://github.com/guifmaranho/ProvadevWebMetodista,guifmaranho,2019-10-04T23:23:25Z
212916555,https://github.com/SofiaCampos22/HTMLJSP1,SofiaCampos22,2019-10-04T23:13:59Z
212918107,https://github.com/charanpreetkaur026/PayRollSystem_merged,charanpreetkaur026,2019-10-04T23:30:53Z
212919761,https://github.com/tomins/N1,tomins,2019-10-04T23:50:38Z
212915757,https://github.com/LoretaShala/Animation-Java-3D-,LoretaShala,2019-10-04T23:04:57Z
212915656,https://github.com/supernova92/Snackbar,supernova92,2019-10-04T23:03:54Z
212915698,https://github.com/reportsystembyzabava/reportsystembyzabava,reportsystembyzabava,2019-10-04T23:04:16Z
212916622,https://github.com/Techmeal-Java-Microservice-Sample/eureka-service-registry,Techmeal-Java-Microservice-Sample,2019-10-04T23:14:38Z
212915562,https://github.com/skozubenko1/Minsweeper,skozubenko1,2019-10-04T23:03:00Z
212920440,https://github.com/luxpolar/abstract,luxpolar,2019-10-04T23:58:38Z
212917247,https://github.com/betuec/projectmanagement,betuec,2019-10-04T23:21:41Z
212918203,https://github.com/borjaja/Social-Network,borjaja,2019-10-04T23:31:58Z
212920174,https://github.com/shoaibxakhtar/Java_Basics_Learning,shoaibxakhtar,2019-10-04T23:55:45Z
212919721,https://github.com/TheJulius/Vota-o,TheJulius,2019-10-04T23:50:10Z
212919456,https://github.com/JasonB101/codesignal-challenges,JasonB101,2019-10-04T23:46:47Z
212920429,https://github.com/codebuilder2019/Taller_3,codebuilder2019,2019-10-04T23:58:29Z
212920058,https://github.com/avyayv/robot,avyayv,2019-10-04T23:54:25Z
212919626,https://github.com/TheJulius/Piramide,TheJulius,2019-10-04T23:48:48Z
212920474,https://github.com/MarcRubenEpacta/Data-Structure-and-Algorithms,MarcRubenEpacta,2019-10-04T23:59:03Z
212918160,https://github.com/surfadvisor/geolocation-service,surfadvisor,2019-10-04T23:31:25Z
212918348,https://github.com/League-Level0-Student/level-0-module-3-1101100,League-Level0-Student,2019-10-04T23:33:36Z
212918082,https://github.com/Gonan98/ColegioApp,Gonan98,2019-10-04T23:30:39Z
212917458,https://github.com/BuzziFernando/DICIPLINA_POO.JAVA,BuzziFernando,2019-10-04T23:24:00Z
212919522,https://github.com/uvsy-aws-backend/java-lambda-institution-programs,uvsy-aws-backend,2019-10-04T23:47:31Z
212915342,https://github.com/DTSanchez-dev/Snake-Game,DTSanchez-dev,2019-10-04T23:00:50Z
212916221,https://github.com/programergabyvargas/TP3-listView,programergabyvargas,2019-10-04T23:10:26Z
212916308,https://github.com/Tonterias/spingularchatHttp,Tonterias,2019-10-04T23:11:28Z
212916432,https://github.com/LazyDanielleF/LabAct2,LazyDanielleF,2019-10-04T23:12:36Z
212919768,https://github.com/amodali/Student_Gradebook,amodali,2019-10-04T23:50:44Z
212917135,https://github.com/codymartin22/TestGit,codymartin22,2019-10-04T23:20:23Z
212918027,https://github.com/bmoreini/OOP,bmoreini,2019-10-04T23:30:00Z
212917131,https://github.com/vkothar1/CSE360Assignment2,vkothar1,2019-10-04T23:20:22Z
212920449,https://github.com/edercatini/eureka-server,edercatini,2019-10-04T23:58:45Z
212916620,https://github.com/CrissAP/Agrotec,CrissAP,2019-10-04T23:14:38Z
212920001,https://github.com/LiteWilliamNguyen/ITC115-ProgramWithJava,LiteWilliamNguyen,2019-10-04T23:53:41Z
212916161,https://github.com/CompoTypo/HealthApp-Desktop,CompoTypo,2019-10-04T23:09:35Z
212919914,https://github.com/JoshuaLamke/FileOrganizer,JoshuaLamke,2019-10-04T23:52:38Z
212920204,https://github.com/fellows6217/Skystone,fellows6217,2019-10-04T23:56:08Z
212916298,https://github.com/gonzen2310/SimpleTodo,gonzen2310,2019-10-04T23:11:24Z
212916014,https://github.com/KhaledFaisalAbdalla/test,KhaledFaisalAbdalla,2019-10-04T23:08:02Z
212918429,https://github.com/koskom-alt/jmxConnect,koskom-alt,2019-10-04T23:34:35Z
212920319,https://github.com/Marioni111/Actividad-_3_LISTAS-_ENLAZADAS,Marioni111,2019-10-04T23:57:30Z
212915584,https://github.com/JakeFolsom1/FSETCEvalCapstone,JakeFolsom1,2019-10-04T23:03:13Z
212916436,https://github.com/eduardoformiga/MiniCms,eduardoformiga,2019-10-04T23:12:39Z
212919431,https://github.com/NOPROD/Custom-Minecraft,NOPROD,2019-10-04T23:46:27Z
212920197,https://github.com/takiviko/Counter,takiviko,2019-10-04T23:56:00Z
212916786,https://github.com/emanhero/SharedPreferences2,emanhero,2019-10-04T23:16:33Z
212918147,https://github.com/ShafixPrince/Style-myself,ShafixPrince,2019-10-04T23:31:13Z
212918204,https://github.com/javadlbargamadi/RecyclerView_with_Java_Pro,javadlbargamadi,2019-10-04T23:31:59Z