2560681,https://github.com/jmikola/JmikolaImagineBundle,jmikola,2011-10-12T06:36:05Z