26648160,https://github.com/2createStudio/shuttle-export,2createStudio,2014-11-14T16:53:35Z
26648290,https://github.com/13pixlar/sticky-list,13pixlar,2014-11-14T16:57:10Z
26646065,https://github.com/petk/php-skeleton,petk,2014-11-14T16:02:41Z
26646477,https://github.com/wp-media/heartbeat-control,wp-media,2014-11-14T16:11:40Z
26647860,https://github.com/echterhoff/plg-globalvariables,echterhoff,2014-11-14T16:45:40Z
26648098,https://github.com/jcollings/jci-custom-fields,jcollings,2014-11-14T16:51:49Z
26646611,https://github.com/pcerioli/OpenSimAds,pcerioli,2014-11-14T16:15:09Z
26647969,https://github.com/kvasilov48/ddns-ukraine.com.ua,kvasilov48,2014-11-14T16:48:34Z
26646139,https://github.com/intersvyaz/yii2-sqlparser,intersvyaz,2014-11-14T16:04:18Z
26647313,https://github.com/torniker/helloLaravel,torniker,2014-11-14T16:32:36Z
26646007,https://github.com/rkrx/php-multipart-mime,rkrx,2014-11-14T16:01:45Z
26647146,https://github.com/iGimm/files_php_sql,iGimm,2014-11-14T16:28:21Z
26646296,https://github.com/MaristWebServices/CodeIgniter-Smarty-RedBean,MaristWebServices,2014-11-14T16:07:34Z
26648084,https://github.com/jfernando89/pqrs-comunidad-colciencias,jfernando89,2014-11-14T16:51:15Z
26646509,https://github.com/capArturo/pgbl2014,capArturo,2014-11-14T16:12:40Z
26646297,https://github.com/powman/imobpadrao,powman,2014-11-14T16:07:38Z
26646986,https://github.com/dreamfactorysoftware/plugin-mounty,dreamfactorysoftware,2014-11-14T16:23:57Z
26645997,https://github.com/AigerimBazarbayeva/database-final-project,AigerimBazarbayeva,2014-11-14T16:01:30Z
26646391,https://github.com/beamtwenty3/groundwork,beamtwenty3,2014-11-14T16:09:46Z
26647607,https://github.com/Katerineromero/Proyecto-kate,Katerineromero,2014-11-14T16:39:45Z
26647947,https://github.com/ngaphan/symfo,ngaphan,2014-11-14T16:48:02Z
26646174,https://github.com/AmitMatat/wordpress,AmitMatat,2014-11-14T16:05:03Z
26647822,https://github.com/petardimic/Home-registration,petardimic,2014-11-14T16:45:02Z
26647092,https://github.com/harn65434/mypsites,harn65434,2014-11-14T16:26:47Z
26646336,https://github.com/mjrealmuto/pulldownad,mjrealmuto,2014-11-14T16:08:36Z
26647537,https://github.com/Yamato93/Projet3A-Backoffice,Yamato93,2014-11-14T16:38:00Z
26646710,https://github.com/lmoffereins/user-search,lmoffereins,2014-11-14T16:17:47Z
26647299,https://github.com/uxblondon/latest-tweets,uxblondon,2014-11-14T16:32:10Z
26647348,https://github.com/emmanuelgautier/tcpdf,emmanuelgautier,2014-11-14T16:33:25Z