2721653,https://github.com/jjaybrown/vanilla-cake-v2,jjaybrown,2011-11-06T18:55:55Z
2721459,https://github.com/aaronjorbin/WordPress-Distraction-Free-Writing-Save-on-escape,aaronjorbin,2011-11-06T18:12:44Z
2721406,https://github.com/DirtySuds/HipNews,DirtySuds,2011-11-06T18:03:46Z