127653018,https://github.com/ElementAI/multithreaded-estimators,ElementAI,2018-04-01T17:11:47Z
127656856,https://github.com/j-min/MoChA-pytorch,j-min,2018-04-01T17:50:23Z
127652457,https://github.com/ogbog/addRoad,ogbog,2018-04-01T17:05:21Z
127656218,https://github.com/gsakkis/memoized,gsakkis,2018-04-01T17:42:09Z
127652073,https://github.com/scisprints/2018_05_sklearn_skimage_dask,scisprints,2018-04-01T17:00:09Z
127653316,https://github.com/BTIRAI/pacman,BTIRAI,2018-04-01T17:15:01Z
127652381,https://github.com/Exodus-Privacy/etip,Exodus-Privacy,2018-04-01T17:04:17Z
127655551,https://github.com/TheAssassin/python-appimageupdate,TheAssassin,2018-04-01T17:35:54Z
127656179,https://github.com/BTIRAI/youbot,BTIRAI,2018-04-01T17:41:42Z
127652750,https://github.com/Tipi-Hack/ctf-tools,Tipi-Hack,2018-04-01T17:08:47Z
127653280,https://github.com/gauravssnl/Symbian-Python-Files,gauravssnl,2018-04-01T17:14:38Z
127656559,https://github.com/tkredmondwa/binancevolume,tkredmondwa,2018-04-01T17:46:00Z
127655258,https://github.com/sureshkanna-alg/boto3-python,sureshkanna-alg,2018-04-01T17:32:52Z
127652452,https://github.com/alexbakker/boxie,alexbakker,2018-04-01T17:05:18Z
127656436,https://github.com/gaotongxiao/Bayesian_Optimization_In_Neural_Architecture,gaotongxiao,2018-04-01T17:44:21Z
127653866,https://github.com/ksbg/equidistantpoints,ksbg,2018-04-01T17:19:30Z
127654953,https://github.com/jenniferjang/dbscanpp,jenniferjang,2018-04-01T17:29:32Z
127655374,https://github.com/nzlionhevrt/datamark,nzlionhevrt,2018-04-01T17:34:01Z
127657247,https://github.com/vilnitskiy/scraping-ssh-service,vilnitskiy,2018-04-01T17:55:52Z
127655446,https://github.com/muellermartin/engelreminder,muellermartin,2018-04-01T17:34:43Z
127657463,https://github.com/jimjimliu/Canadian-Disaster-Datamart,jimjimliu,2018-04-01T17:58:24Z
127655612,https://github.com/ykm11/Yukarin-Speech,ykm11,2018-04-01T17:36:33Z
127654962,https://github.com/OzuYatamutsu/tg-cateify-bot,OzuYatamutsu,2018-04-01T17:29:39Z
127652544,https://github.com/Tetrastorm/ISN-Labyrinthe,Tetrastorm,2018-04-01T17:06:15Z
127653883,https://github.com/indestim/python_library_API-Carriots,indestim,2018-04-01T17:19:35Z
127656364,https://github.com/siku2/Eventory,siku2,2018-04-01T17:43:25Z
127653646,https://github.com/poonamspardeshi/awsdataviz,poonamspardeshi,2018-04-01T17:17:48Z
127653740,https://github.com/Nyrt/time_skip_RL,Nyrt,2018-04-01T17:18:33Z
127657373,https://github.com/bashkirtsevich/pytile,bashkirtsevich,2018-04-01T17:57:29Z
127652263,https://github.com/AlanMcG96/2018_SOFT8033_SDH4_A01_AlanMcGrath,AlanMcG96,2018-04-01T17:02:41Z
127653931,https://github.com/qihongl/qmvpa,qihongl,2018-04-01T17:19:57Z
127654416,https://github.com/singhania94/python-learn,singhania94,2018-04-01T17:23:56Z
127657111,https://github.com/zokikizz/OLRProject,zokikizz,2018-04-01T17:54:08Z
127655156,https://github.com/alexbrocklebank/semantic-segmentation,alexbrocklebank,2018-04-01T17:31:57Z
127655301,https://github.com/Nancuharsha/ML,Nancuharsha,2018-04-01T17:33:14Z
127654776,https://github.com/gu-ma/Instamona,gu-ma,2018-04-01T17:27:12Z
127652522,https://github.com/demon16/demon16.github.io,demon16,2018-04-01T17:06:03Z
127653179,https://github.com/AlperFox/my-first-blog,AlperFox,2018-04-01T17:13:37Z
127654668,https://github.com/michaelbale/python_stuff,michaelbale,2018-04-01T17:26:01Z
127656637,https://github.com/deskflop/ubisoft-april-fool-2018,deskflop,2018-04-01T17:47:07Z
127652617,https://github.com/cpetroaca/sophie,cpetroaca,2018-04-01T17:07:11Z
127655427,https://github.com/12345k/GUVI-Code-Kata-Player,12345k,2018-04-01T17:34:31Z
127657248,https://github.com/leonleeldc/demi,leonleeldc,2018-04-01T17:55:54Z
127652128,https://github.com/githubnooob/WaiterCaller,githubnooob,2018-04-01T17:00:59Z
127657000,https://github.com/Viktory824/Currency,Viktory824,2018-04-01T17:52:21Z
127657269,https://github.com/Saccharide/ROC-graph-generator,Saccharide,2018-04-01T17:56:09Z
127652156,https://github.com/kuldeep114/edureka,kuldeep114,2018-04-01T17:01:16Z
127652206,https://github.com/zhangyaqi1989/Benchmark-for-Different-Programming-Language,zhangyaqi1989,2018-04-01T17:01:57Z
127652357,https://github.com/manasmagdum/zconticketrepo3,manasmagdum,2018-04-01T17:03:58Z
127654988,https://github.com/prasanna158/RecipeBot,prasanna158,2018-04-01T17:29:57Z
127656564,https://github.com/Grottersha123/HerokuExamp,Grottersha123,2018-04-01T17:46:05Z
127656220,https://github.com/anneslabo/HW5_364,anneslabo,2018-04-01T17:42:11Z
127656984,https://github.com/ttkbot/Newbot2-4-61,ttkbot,2018-04-01T17:52:07Z
127657278,https://github.com/YizhuoWu/Ball-Simulator,YizhuoWu,2018-04-01T17:56:20Z
127652385,https://github.com/danikdanon/TextGen,danikdanon,2018-04-01T17:04:20Z
127652730,https://github.com/AokiAhishatsu/editable-table,AokiAhishatsu,2018-04-01T17:08:31Z
127655558,https://github.com/Enigma-Games/EnigmaBot,Enigma-Games,2018-04-01T17:35:57Z
127654523,https://github.com/agentS5/django_api_wireframe,agentS5,2018-04-01T17:24:36Z
127656401,https://github.com/Temirbay/Todo-Contact-List-App,Temirbay,2018-04-01T17:43:49Z
127656434,https://github.com/ashleygould/expenses,ashleygould,2018-04-01T17:44:16Z
127654864,https://github.com/zaswed76/tscript76,zaswed76,2018-04-01T17:28:19Z
127657165,https://github.com/Adi7796/leap-motion,Adi7796,2018-04-01T17:54:47Z
127656782,https://github.com/shamilovstas/raspberry-bluetooth-server,shamilovstas,2018-04-01T17:49:17Z
127653429,https://github.com/EkiVox/SmartCopybookCase,EkiVox,2018-04-01T17:15:52Z
127652558,https://github.com/alions7000/parliament-text,alions7000,2018-04-01T17:06:25Z
127652990,https://github.com/kirineko/wxtest,kirineko,2018-04-01T17:11:21Z
127654554,https://github.com/singhania94/python-kafka,singhania94,2018-04-01T17:24:49Z
127657233,https://github.com/thirstycode/image-stitching,thirstycode,2018-04-01T17:55:35Z
127655353,https://github.com/dmartin0409/sudoku_solver_python,dmartin0409,2018-04-01T17:33:44Z
127653447,https://github.com/musto101/udemy_machine_learning,musto101,2018-04-01T17:16:01Z
127657488,https://github.com/bhargaviparanjape/A2C,bhargaviparanjape,2018-04-01T17:58:48Z
127652100,https://github.com/dogorin/Lab1,dogorin,2018-04-01T17:00:36Z
127654570,https://github.com/timothyzillion/adaptiveTimeout,timothyzillion,2018-04-01T17:24:58Z
127654657,https://github.com/RohitGoyal08071996/Stock-Market-Prediction-Using-Multiple-Regression,RohitGoyal08071996,2018-04-01T17:25:55Z
127654626,https://github.com/Harmoush/Spider-master,Harmoush,2018-04-01T17:25:33Z
127653083,https://github.com/LukaszPorycki/Flappy_Bird,LukaszPorycki,2018-04-01T17:12:37Z
127657352,https://github.com/earl-gadel/user-signup,earl-gadel,2018-04-01T17:57:07Z
127652127,https://github.com/prtkdas96/Surviving-bias-in-Titanic,prtkdas96,2018-04-01T17:00:59Z
127656541,https://github.com/iknowed/munis,iknowed,2018-04-01T17:45:46Z
127652620,https://github.com/der-Frankie/finished-gTasks-reporter,der-Frankie,2018-04-01T17:07:13Z
127657142,https://github.com/TallonKH/ND-Noise,TallonKH,2018-04-01T17:54:31Z
127654942,https://github.com/ungurnicoleta/Battleship-Hangman,ungurnicoleta,2018-04-01T17:29:26Z
127652556,https://github.com/sudhanshuptl/ExperimentingDjango,sudhanshuptl,2018-04-01T17:06:24Z
127652588,https://github.com/binarykorra/zproxy,binarykorra,2018-04-01T17:06:51Z
127653688,https://github.com/dogorin/Lab3_JSON,dogorin,2018-04-01T17:18:06Z
127652370,https://github.com/jifanizz/virl,jifanizz,2018-04-01T17:04:06Z
127652397,https://github.com/8e191a3f-32be-441e-b10b-709124c01dbe/privnote-analog,8e191a3f-32be-441e-b10b-709124c01dbe,2018-04-01T17:04:34Z
127656793,https://github.com/Nowens17/user-signup,Nowens17,2018-04-01T17:49:25Z
127656484,https://github.com/JanKoci/ITS-project,JanKoci,2018-04-01T17:44:59Z
127652608,https://github.com/avervaet/8_puzzle_search_algorithm,avervaet,2018-04-01T17:07:07Z
127653811,https://github.com/justiceblade/CryptoScript,justiceblade,2018-04-01T17:19:03Z
127655422,https://github.com/suguorui/Udacity_ML,suguorui,2018-04-01T17:34:27Z
127656287,https://github.com/bounceQSF/cs229,bounceQSF,2018-04-01T17:42:40Z
127656043,https://github.com/ankitpandeyc/Python-Codes,ankitpandeyc,2018-04-01T17:40:16Z
127655176,https://github.com/vicpang/intro_rf,vicpang,2018-04-01T17:32:10Z
127652584,https://github.com/mkb81/rectangle,mkb81,2018-04-01T17:06:49Z
127654241,https://github.com/alexebaker/python-maze_generator,alexebaker,2018-04-01T17:22:23Z
127657260,https://github.com/mehdibenamorr/OnlineSeg,mehdibenamorr,2018-04-01T17:56:01Z
127655514,https://github.com/zaswed76/gscript76,zaswed76,2018-04-01T17:35:29Z
127654880,https://github.com/mscatherinelin/ASCIIEncoderDecoder,mscatherinelin,2018-04-01T17:28:32Z
127657070,https://github.com/vik235/BanditAlgorithm,vik235,2018-04-01T17:53:28Z
127652058,https://github.com/SachinNarendra/idle_process_killer,SachinNarendra,2018-04-01T17:00:00Z
127652377,https://github.com/M2odrigo/keras_metrics,M2odrigo,2018-04-01T17:04:12Z
127656964,https://github.com/vramirez/Banjul-Rufous,vramirez,2018-04-01T17:51:53Z
127652499,https://github.com/yjcchen/Class,yjcchen,2018-04-01T17:05:48Z
127652532,https://github.com/jpdelopes/django_start,jpdelopes,2018-04-01T17:06:10Z
127657527,https://github.com/lucker7777/parallel_ga_processing,lucker7777,2018-04-01T17:59:14Z
127657549,https://github.com/bawa3436/PertCpm,bawa3436,2018-04-01T17:59:27Z
127655173,https://github.com/hyperknot/pyramid_connections_bug,hyperknot,2018-04-01T17:32:09Z
127654166,https://github.com/shreyk98/NoWasteText,shreyk98,2018-04-01T17:21:41Z
127654311,https://github.com/sdaudiffret/pii,sdaudiffret,2018-04-01T17:23:00Z