4617426,https://github.com/iand/microdata,iand,2012-06-10T18:54:16Z