103102489,https://github.com/boredbird/woe,boredbird,2017-09-11T07:15:04Z
103104354,https://github.com/stratosphereips/Manati,stratosphereips,2017-09-11T07:32:43Z
103103940,https://github.com/Samurais/wikidata-corpus,Samurais,2017-09-11T07:29:38Z
103104645,https://github.com/ToReforge/djforge-redis-multitokens,ToReforge,2017-09-11T07:35:41Z
103106208,https://github.com/Oslandia/osm-data-classification,Oslandia,2017-09-11T07:52:01Z
103105926,https://github.com/stan6/droixbench,stan6,2017-09-11T07:48:52Z
103101648,https://github.com/robodhhb/BrickClassifi3r,robodhhb,2017-09-11T07:06:24Z
103104001,https://github.com/singlasahil14/resnet-exps,singlasahil14,2017-09-11T07:30:03Z
103104483,https://github.com/DhruvDixitDD/ElGamal-based-Elliptic-Curve-Cryptography,DhruvDixitDD,2017-09-11T07:34:00Z
103104165,https://github.com/lerrytang/learning_to_run,lerrytang,2017-09-11T07:31:12Z
103103856,https://github.com/Mr-indescribable/ir,Mr-indescribable,2017-09-11T07:28:45Z
103104149,https://github.com/hasadna/anyway-sdk-python,hasadna,2017-09-11T07:31:06Z
103104301,https://github.com/shakenetwork/Attify-Zigbee-Framework,shakenetwork,2017-09-11T07:32:14Z
103101235,https://github.com/zhangpengyf/buildtools,zhangpengyf,2017-09-11T07:01:58Z
103103890,https://github.com/gopal-amlekar/playWithIOTIFY,gopal-amlekar,2017-09-11T07:29:06Z
103105939,https://github.com/noyannus/ChapterChainer,noyannus,2017-09-11T07:48:58Z
103103701,https://github.com/raphaelsolarski/xlsx2jira-worklog-script,raphaelsolarski,2017-09-11T07:27:24Z
103101278,https://github.com/dingxiaojing/BoxOfficePrediction,dingxiaojing,2017-09-11T07:02:29Z
103106578,https://github.com/ruiwu-bupt/byrbt-uploader,ruiwu-bupt,2017-09-11T07:55:38Z
103104413,https://github.com/redame/stock,redame,2017-09-11T07:33:15Z
103105491,https://github.com/ShiwaniPahwa/UploadToWin,ShiwaniPahwa,2017-09-11T07:44:19Z
103104824,https://github.com/bu77h4ad/indicatorsForPoloniex,bu77h4ad,2017-09-11T07:37:44Z
103101586,https://github.com/wuwuwuxxx/MLxxx,wuwuwuxxx,2017-09-11T07:05:38Z
103105513,https://github.com/kilgore92/GANImageComplete,kilgore92,2017-09-11T07:44:33Z
103106119,https://github.com/yi-ge/ci,yi-ge,2017-09-11T07:51:00Z
103106850,https://github.com/KiWiChoco/pandas_numpy_project,KiWiChoco,2017-09-11T07:58:22Z
103104575,https://github.com/teethefox/RegistrationForm,teethefox,2017-09-11T07:35:04Z
103106556,https://github.com/stephica/notify_public_ip_change,stephica,2017-09-11T07:55:22Z
103103741,https://github.com/mapme-tnsm17/ns-3,mapme-tnsm17,2017-09-11T07:27:44Z
103106416,https://github.com/wuliseeking/wuliseeking.github.io,wuliseeking,2017-09-11T07:54:04Z
103104997,https://github.com/achen118/scrabble-cheater,achen118,2017-09-11T07:39:27Z
103105237,https://github.com/sviridenich/docker_and_python,sviridenich,2017-09-11T07:41:52Z
103103348,https://github.com/dr-r00t3r/AntiDDOS,dr-r00t3r,2017-09-11T07:23:35Z
103103521,https://github.com/graymountain/workapps,graymountain,2017-09-11T07:25:33Z
103105081,https://github.com/gisaacj/my_weichat,gisaacj,2017-09-11T07:40:36Z
103105476,https://github.com/wangjunting/nosetest_demo,wangjunting,2017-09-11T07:44:13Z
103101752,https://github.com/jadhavyogcool/labfeed,jadhavyogcool,2017-09-11T07:07:28Z
103105887,https://github.com/HeyLynne/badminton_reservation,HeyLynne,2017-09-11T07:48:30Z
103105522,https://github.com/angsm/chronqc_crongen,angsm,2017-09-11T07:44:36Z
103103397,https://github.com/Naxaes/Asteroids,Naxaes,2017-09-11T07:24:07Z
103101059,https://github.com/WHWH10/Askbot_ex,WHWH10,2017-09-11T07:00:10Z
103102607,https://github.com/matansh/mywebserver,matansh,2017-09-11T07:16:15Z
103105797,https://github.com/bgerxx/woodpecker,bgerxx,2017-09-11T07:47:33Z
103106225,https://github.com/codiply/panoply,codiply,2017-09-11T07:52:08Z
103101623,https://github.com/achen118/first-django-app,achen118,2017-09-11T07:06:10Z
103102662,https://github.com/ashshakya/falcon_api,ashshakya,2017-09-11T07:16:48Z
103103058,https://github.com/EemeliSaari/PyConomics,EemeliSaari,2017-09-11T07:20:34Z
103101249,https://github.com/srikantrao/Sudoku_Solver,srikantrao,2017-09-11T07:02:11Z
103101967,https://github.com/drataiczak/DiscordBot,drataiczak,2017-09-11T07:09:56Z
103105257,https://github.com/mrnameless123/Keras-practise,mrnameless123,2017-09-11T07:42:12Z
103101396,https://github.com/Bramsnoek/Bioinformatics_Education,Bramsnoek,2017-09-11T07:03:43Z
103106631,https://github.com/lancerpilgrim/workflow,lancerpilgrim,2017-09-11T07:56:11Z
103101345,https://github.com/wangkai19/Crawler,wangkai19,2017-09-11T07:03:12Z
103105214,https://github.com/nicolacammillini/spacedys,nicolacammillini,2017-09-11T07:41:41Z
103104145,https://github.com/smolynets/market,smolynets,2017-09-11T07:31:05Z
103102831,https://github.com/orifux/vixHist,orifux,2017-09-11T07:18:18Z
103101172,https://github.com/reitnorF/rdef,reitnorF,2017-09-11T07:01:16Z
103106839,https://github.com/rizwans-cuelogic/refe,rizwans-cuelogic,2017-09-11T07:58:20Z
103104922,https://github.com/DavTen/gradebook,DavTen,2017-09-11T07:38:45Z
103105315,https://github.com/andreassteffen/credit,andreassteffen,2017-09-11T07:42:47Z
103102681,https://github.com/commit-live-students/inferential-stats-t-test,commit-live-students,2017-09-11T07:16:58Z
103102685,https://github.com/VictorSPS/IS211_Assignment2,VictorSPS,2017-09-11T07:16:59Z
103102056,https://github.com/ThomasSlabbers/thomasfirst,ThomasSlabbers,2017-09-11T07:10:45Z
103105814,https://github.com/alex00x6/python_ui_api_tests,alex00x6,2017-09-11T07:47:41Z
103106771,https://github.com/Ylllllax/Computational_Physics_N2015301510088,Ylllllax,2017-09-11T07:57:43Z
103105577,https://github.com/keea/PythonStudy,keea,2017-09-11T07:45:15Z
103101968,https://github.com/jkjCook/imdb-scraper,jkjCook,2017-09-11T07:09:57Z
103102188,https://github.com/StormLegend/PSO,StormLegend,2017-09-11T07:12:16Z
103104781,https://github.com/wayne83/DeepLearning,wayne83,2017-09-11T07:37:11Z
103102675,https://github.com/hitchdiddy/PracticalMachineLearning,hitchdiddy,2017-09-11T07:16:54Z
103102698,https://github.com/mikaelkg/Labs,mikaelkg,2017-09-11T07:17:08Z
103104648,https://github.com/Martin2877/Dcrypt,Martin2877,2017-09-11T07:35:43Z
103104663,https://github.com/1702233/Schoolwerk,1702233,2017-09-11T07:35:51Z
103102595,https://github.com/albymor/docBookTables,albymor,2017-09-11T07:16:09Z
103101479,https://github.com/vividl/shadowsocksr,vividl,2017-09-11T07:04:30Z
103101335,https://github.com/Thoruun/LinearAlgebraPython,Thoruun,2017-09-11T07:03:05Z
103103508,https://github.com/yclooper/recognizecat,yclooper,2017-09-11T07:25:25Z
103101097,https://github.com/Etrama/Titanic,Etrama,2017-09-11T07:00:29Z
103106745,https://github.com/nmr-nessy/nessy,nmr-nessy,2017-09-11T07:57:27Z
103106758,https://github.com/ThefuckingChamp/P5,ThefuckingChamp,2017-09-11T07:57:35Z
103103453,https://github.com/shterev7/book-manager,shterev7,2017-09-11T07:24:49Z
103104432,https://github.com/NitishTadikonda/Python,NitishTadikonda,2017-09-11T07:33:29Z
103105141,https://github.com/odiliohafidh/MiniHRD_Python1,odiliohafidh,2017-09-11T07:41:05Z
103105726,https://github.com/dikshant2210/Pytorch-Learning,dikshant2210,2017-09-11T07:46:48Z
103103193,https://github.com/sglauca/snitch-sniffer,sglauca,2017-09-11T07:22:02Z
103104658,https://github.com/saividhya/AW-Backend-Rest-API,saividhya,2017-09-11T07:35:50Z
103105574,https://github.com/wuliseeking/desk_repository,wuliseeking,2017-09-11T07:45:12Z
103103148,https://github.com/runningking/python,runningking,2017-09-11T07:21:31Z
103105710,https://github.com/shelly8525/djangogirls,shelly8525,2017-09-11T07:46:38Z
103103010,https://github.com/Sukiiichan/DelWeibo,Sukiiichan,2017-09-11T07:20:05Z
103106520,https://github.com/stephica/Network_latency,stephica,2017-09-11T07:55:03Z