292479,https://github.com/pixelpost/pixelpost,pixelpost,2009-08-30T15:57:18Z