75468163,https://github.com/kendricktan/endless-nn,kendricktan,2016-12-03T10:51:09Z
75468452,https://github.com/zhengxiaowai/py-patterns,zhengxiaowai,2016-12-03T10:58:48Z
75466342,https://github.com/architecture-building-systems/CaPyBaRA,architecture-building-systems,2016-12-03T10:08:34Z
75467851,https://github.com/SparrowJacek/Arcanum_animations_converter,SparrowJacek,2016-12-03T10:43:52Z
75467651,https://github.com/mildsunrise/vwf2tikz,mildsunrise,2016-12-03T10:38:49Z
75468175,https://github.com/bourbaki/squashbot,bourbaki,2016-12-03T10:51:27Z
75466207,https://github.com/mirkoBastianini/Python-Hacker-Tools,mirkoBastianini,2016-12-03T10:06:12Z
75467002,https://github.com/vileven/AskMachine,vileven,2016-12-03T10:23:12Z
75465943,https://github.com/kodai100/DeadlinePlugin,kodai100,2016-12-03T10:00:37Z
75466419,https://github.com/cedricoeldorf/Twitter_Stream_Analysis,cedricoeldorf,2016-12-03T10:10:27Z
75467153,https://github.com/pepicarrara/info1,pepicarrara,2016-12-03T10:26:42Z
75467192,https://github.com/dev-alberto/rn-project,dev-alberto,2016-12-03T10:27:45Z
75466461,https://github.com/MWatHIT/emc.bokeh,MWatHIT,2016-12-03T10:11:29Z
75466666,https://github.com/pedrovbj/benford_law_with_flink,pedrovbj,2016-12-03T10:15:53Z
75468437,https://github.com/robipozzi/rpozzi-iot-python,robipozzi,2016-12-03T10:58:22Z
75466526,https://github.com/MWatHIT/emc.policy,MWatHIT,2016-12-03T10:12:55Z
75467938,https://github.com/JaMeSz04/2048_game,JaMeSz04,2016-12-03T10:45:53Z
75467985,https://github.com/sbeaumont/AoC,sbeaumont,2016-12-03T10:47:05Z
75466750,https://github.com/msufa/tracking-id-injector,msufa,2016-12-03T10:17:18Z
75466514,https://github.com/MWatHIT/emc.memberArea,MWatHIT,2016-12-03T10:12:31Z
75467811,https://github.com/bostjanvizintin/eccRaspberryPi,bostjanvizintin,2016-12-03T10:42:49Z
75466537,https://github.com/vivekkalyan/to-BC-or-not-to-be,vivekkalyan,2016-12-03T10:13:16Z
75466336,https://github.com/astondevops/lunanode,astondevops,2016-12-03T10:08:27Z
75466014,https://github.com/benzkji/djangocms-untranslated-placeholders,benzkji,2016-12-03T10:02:11Z
75468378,https://github.com/irwinsoni/pitest,irwinsoni,2016-12-03T10:57:06Z
75466452,https://github.com/powahftw/juxtapose-py,powahftw,2016-12-03T10:11:19Z
75467335,https://github.com/Beomi/renewC,Beomi,2016-12-03T10:31:12Z
75467464,https://github.com/AryaLakshay/NLP-Project,AryaLakshay,2016-12-03T10:34:03Z
75468330,https://github.com/ashish482/twitter_data,ashish482,2016-12-03T10:55:55Z
75466672,https://github.com/fredovd/python-practices,fredovd,2016-12-03T10:16:00Z
75466100,https://github.com/quelle1/visualizing-and-understanding-CNN,quelle1,2016-12-03T10:04:14Z
75466155,https://github.com/suhasbshekar/CSCI544_project,suhasbshekar,2016-12-03T10:05:20Z
75467417,https://github.com/dherault/hit-stats,dherault,2016-12-03T10:33:06Z
75467130,https://github.com/TheMorpheus407/Test,TheMorpheus407,2016-12-03T10:26:09Z
75467503,https://github.com/landrew31/sisan_4,landrew31,2016-12-03T10:35:01Z
75467944,https://github.com/paulbarber/horse_game,paulbarber,2016-12-03T10:46:01Z
75467691,https://github.com/Faiz/adventofcode2016,Faiz,2016-12-03T10:40:10Z
75468456,https://github.com/brendanator/gan,brendanator,2016-12-03T10:58:59Z
75466278,https://github.com/harshmalik/MinorProject,harshmalik,2016-12-03T10:07:18Z
75468398,https://github.com/Tzhong16/python,Tzhong16,2016-12-03T10:57:31Z
75466441,https://github.com/Guarouba/Crypto-AES,Guarouba,2016-12-03T10:11:00Z
75466497,https://github.com/MWatHIT/emc.kb-ys,MWatHIT,2016-12-03T10:12:11Z
75466315,https://github.com/ndrgrbr/phone_book,ndrgrbr,2016-12-03T10:07:58Z
75466927,https://github.com/jcarolinares/facebook_data_extractor,jcarolinares,2016-12-03T10:21:12Z
75466709,https://github.com/saurabhus/JD-S,saurabhus,2016-12-03T10:16:46Z
75467171,https://github.com/ibbad/linkedin-profile-scrapper,ibbad,2016-12-03T10:27:13Z
75468150,https://github.com/tbarron/nldt,tbarron,2016-12-03T10:50:58Z
75466535,https://github.com/MWatHIT/emc.project-ys,MWatHIT,2016-12-03T10:13:10Z
75468315,https://github.com/mnk179/blogger-django,mnk179,2016-12-03T10:55:15Z
75467099,https://github.com/fragfutter/AdventOfCode,fragfutter,2016-12-03T10:25:31Z