15265910,https://github.com/salesforce/rmux,salesforce,2013-12-17T21:06:24Z
15266983,https://github.com/motdotla/rawr.la,motdotla,2013-12-17T21:54:05Z
15266816,https://github.com/bsdlp/goutils,bsdlp,2013-12-17T21:47:07Z