511008,https://github.com/bibstha/NepaliDateApi,bibstha,2010-02-10T09:49:26Z