4354955,https://github.com/crateio/crate.pypi,crateio,2012-05-17T04:42:18Z
4354836,https://github.com/fmoda3/VerifiableDB,fmoda3,2012-05-17T04:15:28Z
4355022,https://github.com/7bit9/django-profiles,7bit9,2012-05-17T04:56:42Z
4354781,https://github.com/gkayling/JobmineChecker,gkayling,2012-05-17T04:03:50Z
4354766,https://github.com/zdexter/TwitterWordcount,zdexter,2012-05-17T04:00:06Z