29582652,https://github.com/aruncodes/raft-consensus,aruncodes,2015-01-21T09:42:05Z
29583176,https://github.com/hirocaster/check_growthforecast_value,hirocaster,2015-01-21T09:54:11Z
29581390,https://github.com/whyrusleeping/doc2go,whyrusleeping,2015-01-21T09:11:33Z