41807769,https://github.com/abhinavbom/Threat-Intelligence-Hunter,abhinavbom,2015-09-02T14:59:15Z
41806916,https://github.com/roemhildtg/esri-python-tools,roemhildtg,2015-09-02T14:44:51Z
41807181,https://github.com/pinax/pinax-waitinglist,pinax,2015-09-02T14:49:22Z
41805013,https://github.com/gwu-libraries/sfm-docker,gwu-libraries,2015-09-02T14:13:13Z
41806808,https://github.com/juju-solutions/layer-docker,juju-solutions,2015-09-02T14:42:48Z
41804595,https://github.com/enen92/script.screensaver.cocktail,enen92,2015-09-02T14:05:39Z
41806214,https://github.com/rekka/latex-flatten,rekka,2015-09-02T14:31:24Z
41806572,https://github.com/renyijiu/Lintcode,renyijiu,2015-09-02T14:38:18Z
41806325,https://github.com/inovex/GridKA-SDDC-2015,inovex,2015-09-02T14:33:31Z
41806558,https://github.com/DARPA-LORELEI/uhhmm,DARPA-LORELEI,2015-09-02T14:37:50Z
41807074,https://github.com/wikimedia/analytics-limn-analytics-data,wikimedia,2015-09-02T14:47:37Z
41804923,https://github.com/tedye/leetcode,tedye,2015-09-02T14:11:37Z
41807466,https://github.com/Othernet-Project/librarian-core,Othernet-Project,2015-09-02T14:54:23Z
41807737,https://github.com/Sl8v/malware-crawler,Sl8v,2015-09-02T14:58:41Z
41805353,https://github.com/ome/stats,ome,2015-09-02T14:18:03Z
41806914,https://github.com/doublequan/Python_Crawler,doublequan,2015-09-02T14:44:46Z
41806756,https://github.com/skipperkongen/asset-allocation,skipperkongen,2015-09-02T14:41:41Z
41804317,https://github.com/d33tah/afl-sid-repo,d33tah,2015-09-02T14:00:47Z
41806003,https://github.com/pyve/Pyramid-Tutorial-Rapido,pyve,2015-09-02T14:27:48Z
41807190,https://github.com/seveneightn9ne/hashpass,seveneightn9ne,2015-09-02T14:49:36Z
41807391,https://github.com/zhangj150/1D-Cellular-Automata,zhangj150,2015-09-02T14:53:08Z
41805252,https://github.com/sam8401/euler,sam8401,2015-09-02T14:16:46Z
41806502,https://github.com/daykin/protoMerge,daykin,2015-09-02T14:36:44Z
41806393,https://github.com/bradthurber/jboss-formula,bradthurber,2015-09-02T14:34:52Z
41805801,https://github.com/TSalovaara/MTEC2280-tucker-salovaara,TSalovaara,2015-09-02T14:24:24Z
41804293,https://github.com/suresh-kaluvai/studyMaterial,suresh-kaluvai,2015-09-02T14:00:12Z
41804530,https://github.com/felixheck/afroDB,felixheck,2015-09-02T14:04:30Z
41804837,https://github.com/wuz/Random-Name-Generator,wuz,2015-09-02T14:09:56Z
41804340,https://github.com/rengokantai/orporting2to3,rengokantai,2015-09-02T14:01:08Z
41805136,https://github.com/davestys/coffeed,davestys,2015-09-02T14:15:07Z
41807133,https://github.com/mek4nr/admin_trigger,mek4nr,2015-09-02T14:48:35Z
41807520,https://github.com/nckathleen/gcd.py,nckathleen,2015-09-02T14:55:04Z
41805453,https://github.com/fernandovalente/book_black_hat_python,fernandovalente,2015-09-02T14:19:31Z
41807501,https://github.com/0x-x0/Shippable,0x-x0,2015-09-02T14:54:48Z
41805336,https://github.com/Hypnus1803/REDUCTION_SCRIPTS,Hypnus1803,2015-09-02T14:17:48Z
41807400,https://github.com/redmountainmakers/data-scrapers,redmountainmakers,2015-09-02T14:53:23Z
41804768,https://github.com/Covantec/covantec.cover.layouts,Covantec,2015-09-02T14:08:40Z
41807717,https://github.com/kevinsa5/KOTH,kevinsa5,2015-09-02T14:58:26Z
41807324,https://github.com/mitsy/crime-data-analyser,mitsy,2015-09-02T14:51:58Z
41804937,https://github.com/eddypv/testing,eddypv,2015-09-02T14:11:49Z
41807592,https://github.com/XCage15/fcli,XCage15,2015-09-02T14:56:15Z
41806626,https://github.com/dwdraju/RaveNepal,dwdraju,2015-09-02T14:39:04Z
41807335,https://github.com/uranusx86/HITCON-nano-game-ans,uranusx86,2015-09-02T14:52:12Z
41805256,https://github.com/BBBosp/Fun-With-Programs,BBBosp,2015-09-02T14:16:47Z
41805237,https://github.com/robertozanchi/movie-trailer-website,robertozanchi,2015-09-02T14:16:35Z
41804516,https://github.com/HeatherW/scripts,HeatherW,2015-09-02T14:04:18Z
41806336,https://github.com/OldHunterGames/SxMnGm,OldHunterGames,2015-09-02T14:33:48Z
41805052,https://github.com/andymiller/StampBuilder,andymiller,2015-09-02T14:13:53Z