1440006,https://github.com/nicolasff/pysha1,nicolasff,2011-03-04T16:16:30Z
1440113,https://github.com/ralphbean/sw-scrape,ralphbean,2011-03-04T16:45:52Z
1440101,https://github.com/skylerleonard/skyy-elemental,skylerleonard,2011-03-04T16:42:37Z