203461509,https://github.com/googleapis/java-storage,googleapis,2019-08-20T22:07:48Z
203461783,https://github.com/googleapis/java-spanner-jdbc,googleapis,2019-08-20T22:10:17Z
203461480,https://github.com/googleapis/java-pubsub,googleapis,2019-08-20T22:07:36Z
203461503,https://github.com/googleapis/java-speech,googleapis,2019-08-20T22:07:47Z
203461401,https://github.com/googleapis/java-bigtable,googleapis,2019-08-20T22:06:58Z
203461441,https://github.com/googleapis/java-firestore,googleapis,2019-08-20T22:07:19Z
203460675,https://github.com/Acosix/alfresco-keycloak,Acosix,2019-08-20T22:00:06Z
203461499,https://github.com/googleapis/java-spanner,googleapis,2019-08-20T22:07:45Z
203461727,https://github.com/googleapis/java-translate,googleapis,2019-08-20T22:09:57Z
203461519,https://github.com/googleapis/java-texttospeech,googleapis,2019-08-20T22:07:53Z
203461777,https://github.com/googleapis/java-logging-logback,googleapis,2019-08-20T22:10:15Z
203461402,https://github.com/googleapis/java-compute,googleapis,2019-08-20T22:07:00Z
203461400,https://github.com/googleapis/java-bigquerystorage,googleapis,2019-08-20T22:06:56Z
203461790,https://github.com/googleapis/java-storage-nio,googleapis,2019-08-20T22:10:18Z
203461390,https://github.com/googleapis/java-bigquery,googleapis,2019-08-20T22:06:53Z
203465122,https://github.com/FritzX6/jalmus,FritzX6,2019-08-20T22:40:56Z
203461434,https://github.com/googleapis/java-dlp,googleapis,2019-08-20T22:07:15Z
203461429,https://github.com/googleapis/java-dialogflow,googleapis,2019-08-20T22:07:13Z
203461426,https://github.com/googleapis/java-datastore,googleapis,2019-08-20T22:07:11Z
203461383,https://github.com/googleapis/java-asset,googleapis,2019-08-20T22:06:50Z
203461766,https://github.com/googleapis/java-core,googleapis,2019-08-20T22:10:09Z
203461496,https://github.com/googleapis/java-securitycenter,googleapis,2019-08-20T22:07:44Z
203461424,https://github.com/googleapis/java-dataproc,googleapis,2019-08-20T22:07:10Z
203461414,https://github.com/googleapis/java-datacatalog,googleapis,2019-08-20T22:07:05Z
203461387,https://github.com/googleapis/java-automl,googleapis,2019-08-20T22:06:51Z
203466082,https://github.com/ECF/DubboProvider,ECF,2019-08-20T22:51:23Z
203466619,https://github.com/iGabyTM/GUIHelper,iGabyTM,2019-08-20T22:57:07Z
203461724,https://github.com/googleapis/java-trace,googleapis,2019-08-20T22:09:56Z
203461453,https://github.com/googleapis/java-iamcredentials,googleapis,2019-08-20T22:07:24Z
203461469,https://github.com/googleapis/java-language,googleapis,2019-08-20T22:07:28Z
203461489,https://github.com/googleapis/java-resourcemanager,googleapis,2019-08-20T22:07:40Z
203462150,https://github.com/Edwardiaz/demo4WebServiceEcommerce,Edwardiaz,2019-08-20T22:13:33Z
203462746,https://github.com/dev-miguel-resources/spring-clase6-Backend-JDK12,dev-miguel-resources,2019-08-20T22:18:48Z
203465168,https://github.com/Mathorga/WeThere,Mathorga,2019-08-20T22:41:12Z
203461474,https://github.com/googleapis/java-monitoring,googleapis,2019-08-20T22:07:31Z
203461419,https://github.com/googleapis/java-datalabeling,googleapis,2019-08-20T22:07:08Z
203462259,https://github.com/Agorise/graphenej,Agorise,2019-08-20T22:14:35Z
203463930,https://github.com/kareemradwan/PopularMovies1,kareemradwan,2019-08-20T22:30:20Z
203461516,https://github.com/googleapis/java-tasks,googleapis,2019-08-20T22:07:51Z
203461472,https://github.com/googleapis/java-logging,googleapis,2019-08-20T22:07:30Z
203464844,https://github.com/omeuerodrigofreitas/poo-project,omeuerodrigofreitas,2019-08-20T22:38:23Z
203465496,https://github.com/nryanov/schemakeeper,nryanov,2019-08-20T22:44:48Z
203461437,https://github.com/googleapis/java-dns,googleapis,2019-08-20T22:07:16Z
203465310,https://github.com/hoyin0929/Interpreter,hoyin0929,2019-08-20T22:42:35Z
203462922,https://github.com/bootcamp-java/student-family,bootcamp-java,2019-08-20T22:20:34Z
203463937,https://github.com/Shaiell/InterfaceNetflix,Shaiell,2019-08-20T22:30:22Z
203461926,https://github.com/treinamento-interno-caelum/nossa-corretora-cassio,treinamento-interno-caelum,2019-08-20T22:11:26Z
203463306,https://github.com/UyghurM/MyFirstGitRepo2019-,UyghurM,2019-08-20T22:24:18Z
203466440,https://github.com/benmandakh2609/JAVA-SPRING-AUTHENTICATION,benmandakh2609,2019-08-20T22:55:17Z
203466698,https://github.com/Shaiell/ListView,Shaiell,2019-08-20T22:58:05Z
203462559,https://github.com/niltonmng/API_Ponto_Inteligente,niltonmng,2019-08-20T22:17:03Z
203464156,https://github.com/Mahesh-sdet/assessment,Mahesh-sdet,2019-08-20T22:32:35Z
203466608,https://github.com/WilliamMolina/springboot-oracle,WilliamMolina,2019-08-20T22:56:59Z
203461058,https://github.com/parvez2512786/SimplilearnDevopsOfficial,parvez2512786,2019-08-20T22:03:12Z
203462190,https://github.com/RafaelMarangoni/sistemaAdminLivrariaJava,RafaelMarangoni,2019-08-20T22:13:52Z
203464393,https://github.com/jeannory/SpringSecurityExampleBE,jeannory,2019-08-20T22:34:31Z
203463590,https://github.com/fgoldrose/keybrd,fgoldrose,2019-08-20T22:27:05Z
203463393,https://github.com/LuizaPereira/simulacaoT1,LuizaPereira,2019-08-20T22:25:12Z
203461750,https://github.com/googleapis/java-websecurityscanner,googleapis,2019-08-20T22:10:05Z
203463046,https://github.com/abelkevinnc/TryWithResources,abelkevinnc,2019-08-20T22:21:38Z
203460926,https://github.com/robertoCop/Desafio,robertoCop,2019-08-20T22:01:55Z
203463712,https://github.com/Shaiell/GridLayout,Shaiell,2019-08-20T22:28:08Z
203466514,https://github.com/rmpestano/mobi-challenge,rmpestano,2019-08-20T22:56:03Z
203464802,https://github.com/JohanWilliamSanchez/Proyecto-Telematica,JohanWilliamSanchez,2019-08-20T22:38:01Z
203461701,https://github.com/informaticos89/CRUDJava,informaticos89,2019-08-20T22:09:40Z
203461743,https://github.com/googleapis/java-webrisk,googleapis,2019-08-20T22:10:02Z
203461511,https://github.com/googleapis/java-talent,googleapis,2019-08-20T22:07:50Z
203465998,https://github.com/tmoreira2020/b34j,tmoreira2020,2019-08-20T22:50:36Z
203463872,https://github.com/jonpatten/MLB-Angles,jonpatten,2019-08-20T22:29:39Z
203466663,https://github.com/Victor800augusto/uso_github,Victor800augusto,2019-08-20T22:57:40Z
203466839,https://github.com/ketankumar1979/KetanArgos,ketankumar1979,2019-08-20T22:59:28Z
203460673,https://github.com/Shaiell/demoapp,Shaiell,2019-08-20T22:00:06Z
203461135,https://github.com/icarozea/TallerFinalDockerMitocode,icarozea,2019-08-20T22:03:59Z
203460914,https://github.com/fireurza/GUI_with_message_box,fireurza,2019-08-20T22:01:49Z
203464724,https://github.com/joaovitorsbrasil/Cadastro-Pessoa,joaovitorsbrasil,2019-08-20T22:37:28Z
203461493,https://github.com/googleapis/java-scheduler,googleapis,2019-08-20T22:07:42Z
203461582,https://github.com/fireurza/Non_GUI_survey,fireurza,2019-08-20T22:08:28Z
203463940,https://github.com/hui591463265/cs370-project,hui591463265,2019-08-20T22:30:23Z
203464113,https://github.com/Yelk11/MunchieMash,Yelk11,2019-08-20T22:32:11Z
203462628,https://github.com/jetimmins/spring-rest,jetimmins,2019-08-20T22:17:34Z
203461960,https://github.com/DominicCodespoti/Monty-Hall-Problem,DominicCodespoti,2019-08-20T22:11:39Z
203463165,https://github.com/sakshamt29/java-,sakshamt29,2019-08-20T22:22:47Z
203466891,https://github.com/sadkowsr/shorteningTCXGarmin-files,sadkowsr,2019-08-20T22:59:57Z
203465772,https://github.com/WafaaElAyoubi/sandwichClub,WafaaElAyoubi,2019-08-20T22:47:53Z
203465403,https://github.com/foses/Cerebro,foses,2019-08-20T22:43:37Z
203465620,https://github.com/SerkanPolat/LibGdx2D-2,SerkanPolat,2019-08-20T22:46:21Z
203464982,https://github.com/AtomicRobotics3805/TestRepository,AtomicRobotics3805,2019-08-20T22:39:54Z
203461392,https://github.com/asolisf/Android-ToolbarAndTabs,asolisf,2019-08-20T22:06:54Z
203463373,https://github.com/Taller-de-Programacion/guia,Taller-de-Programacion,2019-08-20T22:24:59Z
203462917,https://github.com/ZaithRomero/vitol-back,ZaithRomero,2019-08-20T22:20:31Z
203463770,https://github.com/juandagalo/froggy-land-prod,juandagalo,2019-08-20T22:28:31Z
203463220,https://github.com/Lislya/antisocial,Lislya,2019-08-20T22:23:22Z
203463734,https://github.com/timani19/Javaproblems,timani19,2019-08-20T22:28:18Z
203462553,https://github.com/Deependra-Patel/MemeFinder,Deependra-Patel,2019-08-20T22:17:00Z
203463952,https://github.com/tbrown0921/FirstMapApp,tbrown0921,2019-08-20T22:30:30Z
203465506,https://github.com/evandrolopes85/FormasGeometricas,evandrolopes85,2019-08-20T22:44:57Z
203461862,https://github.com/QSARJP/lab01-ARSW-DOGS-RACE-CASE,QSARJP,2019-08-20T22:10:52Z
203463563,https://github.com/cjc343/wrapped-string,cjc343,2019-08-20T22:26:53Z
203461590,https://github.com/sebaudracco/construccion_TP0,sebaudracco,2019-08-20T22:08:33Z
203460683,https://github.com/Satyam923/VoAutomation,Satyam923,2019-08-20T22:00:10Z
203461114,https://github.com/KangarooDrop/DragonboatAppNoBlu,KangarooDrop,2019-08-20T22:03:44Z
203461166,https://github.com/AzizZayed/Room-Layout,AzizZayed,2019-08-20T22:04:21Z
203461405,https://github.com/googleapis/java-container,googleapis,2019-08-20T22:07:01Z
203463711,https://github.com/mrjcohen/bitrix24automation,mrjcohen,2019-08-20T22:28:08Z
203462347,https://github.com/AshuAshenafi/sfg-pet-clinic,AshuAshenafi,2019-08-20T22:15:26Z
203463081,https://github.com/balmulaiki26/practice,balmulaiki26,2019-08-20T22:22:02Z
203462645,https://github.com/JavaCoffeeBean/VolleyApiTest,JavaCoffeeBean,2019-08-20T22:17:44Z
203463560,https://github.com/RegisYamamoto/relacionamento-one-to-many,RegisYamamoto,2019-08-20T22:26:52Z
203464785,https://github.com/Frzn19/ZeldaMod,Frzn19,2019-08-20T22:37:54Z
203465023,https://github.com/MateuszKalwaj/bootPetClinic,MateuszKalwaj,2019-08-20T22:40:09Z
203465080,https://github.com/changyang319/HelloWorld,changyang319,2019-08-20T22:40:39Z
203466389,https://github.com/yournameincode/abstract,yournameincode,2019-08-20T22:54:54Z
203464704,https://github.com/ieremiasviorel/sfg-dependency-injection,ieremiasviorel,2019-08-20T22:37:16Z
203463815,https://github.com/clopperr/mp3tagj,clopperr,2019-08-20T22:28:49Z
203465300,https://github.com/luius321103/C-,luius321103,2019-08-20T22:42:28Z
203463671,https://github.com/rorychristianmurray/lambda-java-resty-testy,rorychristianmurray,2019-08-20T22:27:51Z
203464250,https://github.com/Shaiell/Layout,Shaiell,2019-08-20T22:33:36Z
203463907,https://github.com/FrancisLin8993/SafeRouter-Android,FrancisLin8993,2019-08-20T22:30:06Z
203465509,https://github.com/League-level3-student/level3-module2-jaLeague,League-level3-student,2019-08-20T22:45:02Z
203463846,https://github.com/Shaiell/heloword,Shaiell,2019-08-20T22:29:15Z
203463289,https://github.com/dquispeo/lab-4C15-2019-2-Project-1,dquispeo,2019-08-20T22:24:07Z
203461097,https://github.com/lucciano01/cursomc,lucciano01,2019-08-20T22:03:33Z
203463031,https://github.com/Shaiell/FABFloatingActionButton,Shaiell,2019-08-20T22:21:25Z
203461407,https://github.com/googleapis/java-containeranalysis,googleapis,2019-08-20T22:07:03Z
203461486,https://github.com/googleapis/java-redis,googleapis,2019-08-20T22:07:39Z
203464207,https://github.com/omarathon/email-scheduler,omarathon,2019-08-20T22:33:10Z
203463310,https://github.com/efscerbo/gitlet,efscerbo,2019-08-20T22:24:19Z
203465887,https://github.com/Gabanelli/SO1,Gabanelli,2019-08-20T22:49:14Z
203461170,https://github.com/ntalbs/Velociraptor,ntalbs,2019-08-20T22:04:23Z
203461458,https://github.com/googleapis/java-iot,googleapis,2019-08-20T22:07:25Z
203461482,https://github.com/googleapis/java-recaptchaenterprise,googleapis,2019-08-20T22:07:38Z
203462040,https://github.com/hajer-bouani/spring-dashboard,hajer-bouani,2019-08-20T22:12:26Z
203462624,https://github.com/akharag/spring-boot-tutorial,akharag,2019-08-20T22:17:33Z
203463456,https://github.com/fireurza/Employee_List,fireurza,2019-08-20T22:25:48Z
203464683,https://github.com/jessica1802/banana,jessica1802,2019-08-20T22:37:05Z
203465216,https://github.com/hoyin0929/Tank-Game,hoyin0929,2019-08-20T22:41:38Z
203461314,https://github.com/fireurza/SQL_Demo,fireurza,2019-08-20T22:06:07Z
203461737,https://github.com/googleapis/java-vision,googleapis,2019-08-20T22:10:01Z
203461476,https://github.com/googleapis/java-os-login,googleapis,2019-08-20T22:07:33Z
203464384,https://github.com/angelaserna/RetoSophos,angelaserna,2019-08-20T22:34:28Z
203463641,https://github.com/joheriks/test-portal,joheriks,2019-08-20T22:27:36Z
203461700,https://github.com/Frisco9030/Maven,Frisco9030,2019-08-20T22:09:40Z
203461576,https://github.com/Shaiell/ExecutandoVideos,Shaiell,2019-08-20T22:08:26Z
203466804,https://github.com/DhyegoPedroso/Glp,DhyegoPedroso,2019-08-20T22:59:10Z
203460887,https://github.com/chqu1012/DCSceneBuilder,chqu1012,2019-08-20T22:01:42Z
203461761,https://github.com/googleapis/java-conformance-tests,googleapis,2019-08-20T22:10:07Z
203461479,https://github.com/googleapis/java-phishingprotection,googleapis,2019-08-20T22:07:35Z
203461009,https://github.com/nmarth2993/animationPOC,nmarth2993,2019-08-20T22:02:36Z
203463983,https://github.com/codemossaka/spring-boot-microservice,codemossaka,2019-08-20T22:30:51Z
203464348,https://github.com/Phazonfish/CampSiteApp,Phazonfish,2019-08-20T22:34:17Z
203464567,https://github.com/Yelk11/AndroidPlayground,Yelk11,2019-08-20T22:35:47Z
203462749,https://github.com/gabrielpontes123/Atividade-1-Programacao-Mobile,gabrielpontes123,2019-08-20T22:18:50Z
203463358,https://github.com/orhantgrl/singleton-pattern,orhantgrl,2019-08-20T22:24:52Z
203463361,https://github.com/Shaiell/Fragment,Shaiell,2019-08-20T22:24:53Z
203464657,https://github.com/subhajitgoswami/numbertoword,subhajitgoswami,2019-08-20T22:36:48Z
203465057,https://github.com/joaovperin/Compilers,joaovperin,2019-08-20T22:40:30Z
203462104,https://github.com/torrescd/embedded-selenium,torrescd,2019-08-20T22:13:02Z
203464102,https://github.com/jaspreet2020/Name-Splitter,jaspreet2020,2019-08-20T22:32:03Z
203466620,https://github.com/ajanicka/kodilla-course2,ajanicka,2019-08-20T22:57:08Z
203463369,https://github.com/LiorFefer/jsonMapper,LiorFefer,2019-08-20T22:24:57Z
203466129,https://github.com/SerkanPolat/LibGdxGame3D,SerkanPolat,2019-08-20T22:51:58Z
203463194,https://github.com/OmerBenGera/EntityWrapper,OmerBenGera,2019-08-20T22:23:07Z
203463802,https://github.com/fireurza/Palindrome,fireurza,2019-08-20T22:28:43Z
203462311,https://github.com/Montasir007/Air-Hockey,Montasir007,2019-08-20T22:15:10Z
203466133,https://github.com/gabrielpontes123/Atividade-2-Programacao-Mobile,gabrielpontes123,2019-08-20T22:52:01Z
203464011,https://github.com/TomWaid/Computer-Science-II-1430,TomWaid,2019-08-20T22:31:03Z
203465954,https://github.com/NureddinF/AndroidCalculator,NureddinF,2019-08-20T22:50:05Z
203464577,https://github.com/Shaiell/Layoutrelativoelinear,Shaiell,2019-08-20T22:35:56Z
203465070,https://github.com/wando-advanced-robotics/VsCodePowerUpRobot,wando-advanced-robotics,2019-08-20T22:40:34Z
203465164,https://github.com/flaviosans/programacao-desktop,flaviosans,2019-08-20T22:41:10Z
203461290,https://github.com/chaihuasong/HTZAudio,chaihuasong,2019-08-20T22:05:48Z
203464824,https://github.com/leogrn08/AnimeBall,leogrn08,2019-08-20T22:38:12Z
203462889,https://github.com/gvilauy/XpandeSystem,gvilauy,2019-08-20T22:20:13Z
203462272,https://github.com/vnduda/ds-2019-02,vnduda,2019-08-20T22:14:44Z
203462129,https://github.com/tylerwgithub/Leetcode,tylerwgithub,2019-08-20T22:13:20Z
203461792,https://github.com/googleapis/java-notification,googleapis,2019-08-20T22:10:20Z
203461462,https://github.com/googleapis/java-kms,googleapis,2019-08-20T22:07:27Z
203461395,https://github.com/googleapis/java-bigquerydatatransfer,googleapis,2019-08-20T22:06:55Z
203466766,https://github.com/gordonfrog/spring-mongo-easybatch,gordonfrog,2019-08-20T22:58:48Z
203462449,https://github.com/somaiyahr/demo,somaiyahr,2019-08-20T22:16:21Z
203466245,https://github.com/debanshu78/Euler-project,debanshu78,2019-08-20T22:53:15Z
203464214,https://github.com/barnnettIBM/lightblue-catalog-20190820222820018,barnnettIBM,2019-08-20T22:33:13Z
203464215,https://github.com/barnnettIBM/lightblue-customer-20190820222820018,barnnettIBM,2019-08-20T22:33:14Z
203465975,https://github.com/gallassini/TCC,gallassini,2019-08-20T22:50:17Z
203466472,https://github.com/sharmalokesh1994/firstIntellij,sharmalokesh1994,2019-08-20T22:55:36Z
203461243,https://github.com/insomniac94/CPSC4910Repo,insomniac94,2019-08-20T22:05:11Z
203461450,https://github.com/googleapis/java-grafeas,googleapis,2019-08-20T22:07:22Z
203461439,https://github.com/googleapis/java-errorreporting,googleapis,2019-08-20T22:07:17Z
203461443,https://github.com/googleapis/java-gameservices,googleapis,2019-08-20T22:07:21Z
203461731,https://github.com/googleapis/java-video-intelligence,googleapis,2019-08-20T22:09:59Z