84646830,https://github.com/asrp/pymetaterp,asrp,2017-03-11T11:58:35Z
84646074,https://github.com/philarkwright/DGA-Detection,philarkwright,2017-03-11T11:45:15Z
84644664,https://github.com/jamezrin/wol-packet-replicator,jamezrin,2017-03-11T11:19:56Z
84644931,https://github.com/schatzimangou/pybleed,schatzimangou,2017-03-11T11:24:15Z
84646015,https://github.com/StevePaget/SubstitutionCipherCracker,StevePaget,2017-03-11T11:44:19Z
84646072,https://github.com/talorwu/leetcode,talorwu,2017-03-11T11:45:13Z
84646590,https://github.com/rdmorganiser/rdmo-catalog,rdmorganiser,2017-03-11T11:54:21Z
84644739,https://github.com/Emelieh21/brand-new-kettle-hack,Emelieh21,2017-03-11T11:21:29Z
84644036,https://github.com/jpgxs/pyopsview,jpgxs,2017-03-11T11:07:40Z
84645911,https://github.com/kostiskag/PiWall,kostiskag,2017-03-11T11:42:03Z
84645658,https://github.com/BoldinDmitry/bot_translator,BoldinDmitry,2017-03-11T11:37:55Z
84644073,https://github.com/VladPodilnyk/signal-compiler,VladPodilnyk,2017-03-11T11:08:16Z
84645624,https://github.com/skfarhad/opencv-tracking,skfarhad,2017-03-11T11:37:23Z
84645086,https://github.com/lanway/shacus_app,lanway,2017-03-11T11:26:56Z
84645570,https://github.com/ecsnavarretemit/cmsc265-optical-character-recognition-ml,ecsnavarretemit,2017-03-11T11:36:31Z
84646496,https://github.com/nurdankarapinar/A-Track-GUI,nurdankarapinar,2017-03-11T11:52:45Z
84646638,https://github.com/Lijinging/ustccode_tensorflow,Lijinging,2017-03-11T11:55:10Z
84644451,https://github.com/bradbaris/ATT_HACK_HI_2017_RPi2,bradbaris,2017-03-11T11:15:53Z
84645002,https://github.com/h4nyu/python_examples,h4nyu,2017-03-11T11:25:42Z
84645020,https://github.com/durantkm/Project2,durantkm,2017-03-11T11:25:59Z
84643838,https://github.com/Gaurang18/AI-Neuro-Draught-Checkers,Gaurang18,2017-03-11T11:03:54Z
84646320,https://github.com/QweryAcademy/git-repository,QweryAcademy,2017-03-11T11:49:39Z
84644402,https://github.com/bitlair/wifi-mqtt,bitlair,2017-03-11T11:14:57Z
84643828,https://github.com/rap999a/django,rap999a,2017-03-11T11:03:43Z
84645386,https://github.com/hezeri/homework,hezeri,2017-03-11T11:32:50Z
84644572,https://github.com/wollihannibal/wolli.repo,wollihannibal,2017-03-11T11:18:08Z
84644713,https://github.com/chati757/python-drone-operator,chati757,2017-03-11T11:21:01Z
84646077,https://github.com/aayanqazi/Django-StartUp,aayanqazi,2017-03-11T11:45:17Z
84646441,https://github.com/xiholix/aboutDataBase,xiholix,2017-03-11T11:51:51Z
84644950,https://github.com/pianonerd7/VectorSpaceModel,pianonerd7,2017-03-11T11:24:43Z
84645760,https://github.com/cuu508/weasyprint-103-testcase,cuu508,2017-03-11T11:39:37Z
84645392,https://github.com/prabh-me/PyFCM,prabh-me,2017-03-11T11:32:56Z
84645616,https://github.com/CarltonXu/test_database,CarltonXu,2017-03-11T11:37:18Z
84644105,https://github.com/ahsparrow/airplot,ahsparrow,2017-03-11T11:08:47Z
84646572,https://github.com/isro01/timer-game,isro01,2017-03-11T11:54:01Z
84645314,https://github.com/jusce17/python_exercises,jusce17,2017-03-11T11:31:29Z
84646659,https://github.com/hanlin-ren/no_name_repository,hanlin-ren,2017-03-11T11:55:30Z
84643621,https://github.com/yewalenikhil65/acquainting_with_python,yewalenikhil65,2017-03-11T11:00:36Z
84646262,https://github.com/ChrisXiongWHU/ISC2_new,ChrisXiongWHU,2017-03-11T11:48:40Z
84645429,https://github.com/ash0904/MDP,ash0904,2017-03-11T11:33:57Z
84643974,https://github.com/FrankSnail/sta,FrankSnail,2017-03-11T11:06:20Z
84644145,https://github.com/israelflores/Monte-Carlo-Simulation-for-the-Number-e,israelflores,2017-03-11T11:09:27Z
84644171,https://github.com/kaitheslayer/developingprojects,kaitheslayer,2017-03-11T11:09:57Z
84644475,https://github.com/knkrhn28/PythonLearn,knkrhn28,2017-03-11T11:16:20Z
84643665,https://github.com/Kumzy/FalconAPI,Kumzy,2017-03-11T11:01:22Z
84644882,https://github.com/isro01/mini-games-in-python,isro01,2017-03-11T11:23:10Z
84645663,https://github.com/Kolaer/telegram-bot,Kolaer,2017-03-11T11:38:01Z
84644003,https://github.com/piaozhx/Siamese,piaozhx,2017-03-11T11:06:54Z
84646477,https://github.com/karendi/BucketListApi,karendi,2017-03-11T11:52:25Z
84645415,https://github.com/rahul2992/tweet_prediction,rahul2992,2017-03-11T11:33:31Z
84646392,https://github.com/FeelCoolOne/webserver-simple,FeelCoolOne,2017-03-11T11:50:58Z
84645615,https://github.com/hfrommane/SmartCab,hfrommane,2017-03-11T11:37:17Z
84644570,https://github.com/gald33/prices,gald33,2017-03-11T11:18:07Z
84644096,https://github.com/mark818/scheme,mark818,2017-03-11T11:08:41Z
84646426,https://github.com/kmadisa/simdd-generator,kmadisa,2017-03-11T11:51:32Z