2692675,https://github.com/bss/hvadsigeralex.dk,bss,2011-11-02T03:20:44Z