51797022,https://github.com/dachusa/MySQLToLaravel,dachusa,2016-02-16T00:55:21Z
51795930,https://github.com/irazasyed/php-witai,irazasyed,2016-02-16T00:29:40Z
51796556,https://github.com/marcelobern/Google-Admin-SDK-Domain,marcelobern,2016-02-16T00:45:01Z
51794794,https://github.com/vgardner/Facebook-Instant-Articles-Drupal,vgardner,2016-02-16T00:02:25Z
51795740,https://github.com/cougarTech2228/Rooster,cougarTech2228,2016-02-16T00:24:21Z
51795753,https://github.com/CelineABong/FloralDiary,CelineABong,2016-02-16T00:24:55Z
51796109,https://github.com/xron89/Admin-Directory,xron89,2016-02-16T00:33:48Z
51794757,https://github.com/slws/PHP_MySQL_CallLoggingDB,slws,2016-02-16T00:01:16Z
51795795,https://github.com/MBAllely/clockerator,MBAllely,2016-02-16T00:26:05Z
51797216,https://github.com/ipabz/donation,ipabz,2016-02-16T00:59:06Z
51797234,https://github.com/antogian/Blog,antogian,2016-02-16T00:59:55Z
51795615,https://github.com/cauancalmeida/estoque,cauancalmeida,2016-02-16T00:21:28Z
51794927,https://github.com/devRayanwv/bidaya,devRayanwv,2016-02-16T00:05:07Z
51796549,https://github.com/michaellor/php-leetspeak,michaellor,2016-02-16T00:44:50Z
51796091,https://github.com/milleraundra/php_leetspeak,milleraundra,2016-02-16T00:33:17Z
51795733,https://github.com/sincco/stowell,sincco,2016-02-16T00:24:14Z
51795040,https://github.com/luokaka/web,luokaka,2016-02-16T00:07:29Z
51796048,https://github.com/mknutgit/PHP-leetspeak,mknutgit,2016-02-16T00:32:13Z
51795105,https://github.com/fierobert/KWIC-php,fierobert,2016-02-16T00:09:18Z
51795207,https://github.com/fourtwothree/mvc,fourtwothree,2016-02-16T00:11:53Z
51794774,https://github.com/nataliandre/simple_engine,nataliandre,2016-02-16T00:01:46Z
51794935,https://github.com/tolentino3575/Php-LeetSpeak,tolentino3575,2016-02-16T00:05:21Z
51795270,https://github.com/simonhunt/laravel-post,simonhunt,2016-02-16T00:13:13Z
51797033,https://github.com/ZeroWulfman/menu,ZeroWulfman,2016-02-16T00:55:34Z
51797053,https://github.com/cliffsimmons/PHP-WordPress---Add-Administrator-Level-User-through-PHP,cliffsimmons,2016-02-16T00:56:18Z
51794865,https://github.com/netzeln/leetspeak,netzeln,2016-02-16T00:03:50Z
51794886,https://github.com/rakhlei/StreakGym,rakhlei,2016-02-16T00:04:21Z
51796532,https://github.com/marywarrington/queenattack,marywarrington,2016-02-16T00:44:22Z
51796890,https://github.com/jos-h20/clock_php,jos-h20,2016-02-16T00:52:41Z
51795383,https://github.com/pedrofornaza/memphis,pedrofornaza,2016-02-16T00:15:47Z
51796542,https://github.com/pauluswebster/flitgo,pauluswebster,2016-02-16T00:44:38Z
51794948,https://github.com/sleepymustache/module-whoops,sleepymustache,2016-02-16T00:05:32Z