2754333,https://github.com/gcaprio/cfbreference_com,gcaprio,2011-11-11T06:58:43Z
2754312,https://github.com/minikomi/Brubeck-Chat,minikomi,2011-11-11T06:51:26Z
2754263,https://github.com/Veronica9111/Crazy-Catch,Veronica9111,2011-11-11T06:35:50Z