205034861,https://github.com/MatthewDaw/cookingCo,MatthewDaw,2019-08-28T22:35:01Z
205036918,https://github.com/sjasthi/QuizMasterDB,sjasthi,2019-08-28T22:52:11Z
205031371,https://github.com/allan2012/simple-PDO-pager,allan2012,2019-08-28T22:04:56Z
205034459,https://github.com/miguelx27/PHP-CRUD,miguelx27,2019-08-28T22:31:42Z
205034570,https://github.com/gozgunes/historization-bundle,gozgunes,2019-08-28T22:32:46Z
205033411,https://github.com/gustperx/maps,gustperx,2019-08-28T22:22:17Z
205033436,https://github.com/programacao2-cesumarctba/Banco-PHP,programacao2-cesumarctba,2019-08-28T22:22:31Z
205032424,https://github.com/ghanzek/pinteknew,ghanzek,2019-08-28T22:13:43Z
205031367,https://github.com/lucas-simoes/autoescola,lucas-simoes,2019-08-28T22:04:55Z
205035427,https://github.com/MM1032003/searchEngine,MM1032003,2019-08-28T22:39:46Z
205031161,https://github.com/sampenberthy/francoisphp,sampenberthy,2019-08-28T22:02:56Z
205032105,https://github.com/pwcodigo/SON_avancandocomphp,pwcodigo,2019-08-28T22:10:57Z
205037096,https://github.com/Twoody/larva,Twoody,2019-08-28T22:53:34Z
205037626,https://github.com/smallfish500/phprule,smallfish500,2019-08-28T22:58:04Z
205030990,https://github.com/sebastinez/grupo8-e-commerce,sebastinez,2019-08-28T22:01:34Z
205031352,https://github.com/LuizMoratelli/calca-mais,LuizMoratelli,2019-08-28T22:04:43Z
205035986,https://github.com/thijsBoet/projects-in-laravel,thijsBoet,2019-08-28T22:44:07Z
205031048,https://github.com/sbrunodev/AppAcompanheAqui,sbrunodev,2019-08-28T22:02:01Z
205035699,https://github.com/ypminc/Avada-Plugin,ypminc,2019-08-28T22:42:04Z
205031389,https://github.com/TheSidSpears/text-parser,TheSidSpears,2019-08-28T22:05:03Z
205037044,https://github.com/eaguty/UplynkDashboard,eaguty,2019-08-28T22:53:10Z
205035096,https://github.com/anestores/opac-smasn,anestores,2019-08-28T22:37:11Z
205035543,https://github.com/muhamad-bari/sistem-sekolah-apk,muhamad-bari,2019-08-28T22:40:55Z
205034787,https://github.com/victorpugliese/namaskar,victorpugliese,2019-08-28T22:34:31Z
205034852,https://github.com/JIkaheimo/internet-ohjelmointi-s19,JIkaheimo,2019-08-28T22:34:57Z