47378585,https://github.com/up1/hello_php7,up1,2015-12-04T03:26:53Z
47378522,https://github.com/iLexN/HKID-Check-Digit,iLexN,2015-12-04T03:25:29Z
47377816,https://github.com/appcoding2/flipkurl,appcoding2,2015-12-04T03:11:06Z
47377381,https://github.com/mul14/demo-purchase-order,mul14,2015-12-04T03:01:48Z
47379849,https://github.com/eyumay/srms.psco,eyumay,2015-12-04T03:55:37Z
47378001,https://github.com/khinsandahtun/hello-jenkins,khinsandahtun,2015-12-04T03:14:43Z
47378886,https://github.com/digideskio/cpanelextended,digideskio,2015-12-04T03:33:10Z
47377710,https://github.com/appcoding2/nano-cms,appcoding2,2015-12-04T03:08:57Z
47379170,https://github.com/undesign/undesign.github.io,undesign,2015-12-04T03:39:16Z
47378035,https://github.com/trd-jonathan/sango,trd-jonathan,2015-12-04T03:15:31Z
47380010,https://github.com/findingsimple/gotta-go-fast,findingsimple,2015-12-04T03:59:08Z
47377544,https://github.com/china-shevy/ci,china-shevy,2015-12-04T03:05:23Z
47377476,https://github.com/CuminLo/CodingFormabi,CuminLo,2015-12-04T03:03:55Z
47377417,https://github.com/kennygrage/dynastyDish,kennygrage,2015-12-04T03:02:31Z
47379571,https://github.com/madnessIT/hostal,madnessIT,2015-12-04T03:48:28Z
47378335,https://github.com/rightgo09/array-option,rightgo09,2015-12-04T03:21:15Z