615849,https://github.com/vachel/vachel-s-Ubuntu-settings,vachel,2010-04-18T03:21:18Z