18629876,https://github.com/reincubate/haproxy-dynamic-weight,reincubate,2014-04-10T08:48:48Z
18630017,https://github.com/shadyxu/pyalipay,shadyxu,2014-04-10T08:54:03Z
18629327,https://github.com/shadyxu/pyunionpay,shadyxu,2014-04-10T08:28:31Z
18629661,https://github.com/rstuart/backtask.py,rstuart,2014-04-10T08:40:06Z
18628869,https://github.com/hugoduar/pamboleros,hugoduar,2014-04-10T08:12:19Z
18629321,https://github.com/desmovalvo/virtualsib-part2bis,desmovalvo,2014-04-10T08:28:16Z
18629491,https://github.com/njachowski/eggnog,njachowski,2014-04-10T08:34:40Z
18629553,https://github.com/dw-dummy-repo/dw,dw-dummy-repo,2014-04-10T08:37:01Z
18630115,https://github.com/thompsonf/apod-background,thompsonf,2014-04-10T08:57:55Z
18629743,https://github.com/mattiashem/syco-util,mattiashem,2014-04-10T08:42:52Z
18628887,https://github.com/bmampaey/SDO,bmampaey,2014-04-10T08:12:54Z
18629301,https://github.com/nhariprasad/pythonapp,nhariprasad,2014-04-10T08:27:32Z
18628636,https://github.com/fromMars/henon,fromMars,2014-04-10T08:03:02Z
18629169,https://github.com/kooki4/hardway-python,kooki4,2014-04-10T08:23:04Z
18629871,https://github.com/senanayaka/pytheon,senanayaka,2014-04-10T08:48:39Z
18629590,https://github.com/xen0n/snsfeed,xen0n,2014-04-10T08:37:59Z
18629560,https://github.com/v0lk3r/loop,v0lk3r,2014-04-10T08:37:10Z
18629673,https://github.com/aafreen/coursera-ds,aafreen,2014-04-10T08:40:35Z
18628591,https://github.com/juhi24/scatter,juhi24,2014-04-10T08:01:05Z
18629005,https://github.com/truh/CheckIn,truh,2014-04-10T08:17:01Z