8894774,https://github.com/jianyuh/Tsinghua_Data_Center,jianyuh,2013-03-20T02:45:26Z
8894329,https://github.com/mike-douglas/assetmingle,mike-douglas,2013-03-20T02:16:14Z
8894655,https://github.com/dmoonfire/mfgames-font-python,dmoonfire,2013-03-20T02:37:35Z
8894827,https://github.com/imzjy/rtmplite,imzjy,2013-03-20T02:48:39Z
8894287,https://github.com/rcaferraz/torspec,rcaferraz,2013-03-20T02:13:09Z
8894445,https://github.com/xiaoyili/myCrawler,xiaoyili,2013-03-20T02:21:43Z
8894832,https://github.com/fabiomcosta/dlint,fabiomcosta,2013-03-20T02:49:02Z
8894861,https://github.com/jdoranster/guestbook_pyramid,jdoranster,2013-03-20T02:51:21Z
8894754,https://github.com/nhowarth/pyhand,nhowarth,2013-03-20T02:44:25Z
8894757,https://github.com/bluecore/test,bluecore,2013-03-20T02:44:30Z