947171,https://github.com/fxdemolisher/frano,fxdemolisher,2010-09-29T01:24:41Z