134175017,https://github.com/refresher/glpi-docker-alpine,refresher,2018-05-20T18:15:00Z
134177468,https://github.com/neoreids/lumen-serve,neoreids,2018-05-20T18:49:50Z
134177503,https://github.com/hitesh2088/CarInventory,hitesh2088,2018-05-20T18:50:22Z
134174954,https://github.com/ashishkr1996/olcademy,ashishkr1996,2018-05-20T18:14:10Z
134175358,https://github.com/tapanrawal/testcode,tapanrawal,2018-05-20T18:19:50Z
134176955,https://github.com/nlrarojas/CalculoEuclidianoYBayesiano,nlrarojas,2018-05-20T18:42:19Z
134177176,https://github.com/aavram/gallery,aavram,2018-05-20T18:45:32Z
134176627,https://github.com/nishishailesh/blank,nishishailesh,2018-05-20T18:37:51Z
134176127,https://github.com/Ara217/elit-vikup,Ara217,2018-05-20T18:31:01Z
134173985,https://github.com/kseniaKichka/testop,kseniaKichka,2018-05-20T18:00:20Z
134176192,https://github.com/emilioM16/yii2-api,emilioM16,2018-05-20T18:32:01Z
134174029,https://github.com/AmirMustafa/Tutorship-Plugin,AmirMustafa,2018-05-20T18:01:00Z
134177255,https://github.com/eullercdr/facebook-sdk,eullercdr,2018-05-20T18:46:44Z
134176564,https://github.com/noobExtendsBot/cms,noobExtendsBot,2018-05-20T18:37:01Z
134177886,https://github.com/nachomirsol/mvcframework,nachomirsol,2018-05-20T18:56:58Z
134177922,https://github.com/darkjoe234/CRUD-PHP,darkjoe234,2018-05-20T18:57:27Z
134177869,https://github.com/s0bh/Car,s0bh,2018-05-20T18:56:46Z
134176713,https://github.com/VitalyZibulski/Laravel-E-Commerce-Restful-API,VitalyZibulski,2018-05-20T18:38:59Z
134177571,https://github.com/deetoouk/brain,deetoouk,2018-05-20T18:51:20Z
134177219,https://github.com/Rom1P/2WEB,Rom1P,2018-05-20T18:46:12Z
134176114,https://github.com/ringofsoftwareengineers/talkative,ringofsoftwareengineers,2018-05-20T18:30:55Z
134175924,https://github.com/AlexandrKutsenko/Irina-Kutsenko-Portfolio-WP,AlexandrKutsenko,2018-05-20T18:28:00Z
134176197,https://github.com/colemanamanda766/green,colemanamanda766,2018-05-20T18:32:04Z
134175817,https://github.com/vagifrzada/CodeSignal,vagifrzada,2018-05-20T18:26:19Z
134175297,https://github.com/dmitry-ponizov/chat-advanced-laravel-vue,dmitry-ponizov,2018-05-20T18:19:02Z
134176312,https://github.com/rayalois22/sharerideincweb,rayalois22,2018-05-20T18:33:46Z
134176559,https://github.com/Silverlight1989/Stud_repo,Silverlight1989,2018-05-20T18:36:59Z
134174854,https://github.com/mhowland7575/larCommerce,mhowland7575,2018-05-20T18:13:01Z
134175793,https://github.com/ptam1/simplePOS,ptam1,2018-05-20T18:26:02Z
134175838,https://github.com/CHelga/CHelga.github.io,CHelga,2018-05-20T18:26:41Z
134175984,https://github.com/csktcoop/phalcon,csktcoop,2018-05-20T18:29:02Z
134176021,https://github.com/Abhi0k/KJ,Abhi0k,2018-05-20T18:29:36Z
134175155,https://github.com/MikSDigital/sf4-fosuserbundle-starter-kit,MikSDigital,2018-05-20T18:17:02Z
134174534,https://github.com/s0bh/Car-trade,s0bh,2018-05-20T18:08:35Z