28568928,https://github.com/johnnylee/gtk,johnnylee,2014-12-28T18:51:25Z
28568583,https://github.com/ikeikeikeike/shuffler,ikeikeikeike,2014-12-28T18:32:52Z
28569017,https://github.com/johnnylee/jlsamplergtk,johnnylee,2014-12-28T18:56:22Z