203733290,https://github.com/zma-c-137/VarGFaceNet,zma-c-137,2019-08-22T06:57:43Z
203733039,https://github.com/lin423497786/django-chatbot,lin423497786,2019-08-22T06:55:55Z
203731288,https://github.com/huangwjwork/dingding_robot_alertmanager,huangwjwork,2019-08-22T06:44:38Z
203724969,https://github.com/maguowei/iaas,maguowei,2019-08-22T06:03:14Z
203726620,https://github.com/yaodi962464/smzdm,yaodi962464,2019-08-22T06:14:54Z
203726575,https://github.com/WMandy/Color_num_captcha,WMandy,2019-08-22T06:14:33Z
203732697,https://github.com/YueDayu/dynamic_earth_wallpaper,YueDayu,2019-08-22T06:53:36Z
203730281,https://github.com/ajlangley/cpo-pytorch,ajlangley,2019-08-22T06:38:30Z
203732598,https://github.com/sclecon/python_qqyewu,sclecon,2019-08-22T06:53:00Z
203727827,https://github.com/chenjun2hao/Self_cross_entropy,chenjun2hao,2019-08-22T06:22:57Z
203732347,https://github.com/alimahdiyar/shu-courses-bot,alimahdiyar,2019-08-22T06:51:32Z
203729002,https://github.com/jihun-hong/XLSum,jihun-hong,2019-08-22T06:30:24Z
203725140,https://github.com/jianing-li/asynchronous-spatio-temporal-spike-metric,jianing-li,2019-08-22T06:04:23Z
203732655,https://github.com/Talgin/retina_kz,Talgin,2019-08-22T06:53:21Z
203727184,https://github.com/akshanshkmr/Dictionary-Attack-Python-Script,akshanshkmr,2019-08-22T06:18:49Z
203725923,https://github.com/ColinZhusz/Make_Aus_Green_Again,ColinZhusz,2019-08-22T06:10:03Z
203732402,https://github.com/coderGray1296/Relation-extraction,coderGray1296,2019-08-22T06:51:50Z
203725996,https://github.com/28598519a/action-recognition,28598519a,2019-08-22T06:10:44Z
203725756,https://github.com/playlinuxs/play-with-python,playlinuxs,2019-08-22T06:08:50Z
203730562,https://github.com/karson711/Face_recognitionDemo,karson711,2019-08-22T06:40:14Z
203733051,https://github.com/PatrickK-TM/Dev-HP,PatrickK-TM,2019-08-22T06:56:02Z
203726778,https://github.com/puranjayguleria/Group2-Entry-Authentication-System,puranjayguleria,2019-08-22T06:16:00Z
203733639,https://github.com/cjaai/deepleaning,cjaai,2019-08-22T06:59:40Z
203732851,https://github.com/fyibmsd/python-algorithms,fyibmsd,2019-08-22T06:54:39Z
203730514,https://github.com/jianviper/QTest,jianviper,2019-08-22T06:39:52Z
203724698,https://github.com/mapingshuo/lookahead_paddle,mapingshuo,2019-08-22T06:01:16Z
203727348,https://github.com/sachinthakur9614/Resume,sachinthakur9614,2019-08-22T06:20:00Z
203733451,https://github.com/pavankrishna2608/driver-drowziness,pavankrishna2608,2019-08-22T06:58:34Z
203725260,https://github.com/nebula-analytics/nebula-background-worker,nebula-analytics,2019-08-22T06:05:08Z
203726050,https://github.com/prashanthreddyp/python3-files,prashanthreddyp,2019-08-22T06:11:08Z
203728032,https://github.com/ak64th/yby_fc,ak64th,2019-08-22T06:24:15Z
203730345,https://github.com/huxiaoheng44/HMM-,huxiaoheng44,2019-08-22T06:38:59Z
203731537,https://github.com/yysys/Multi_test,yysys,2019-08-22T06:46:24Z
203729649,https://github.com/andersonfaaria/Hate-speech,andersonfaaria,2019-08-22T06:34:38Z
203731772,https://github.com/1BM17CS150/PYTHON_LAB,1BM17CS150,2019-08-22T06:48:01Z
203727392,https://github.com/PoHsiang517/re_demo,PoHsiang517,2019-08-22T06:20:16Z
203729464,https://github.com/karanveersingh5623/pico-test,karanveersingh5623,2019-08-22T06:33:22Z
203731150,https://github.com/yes27a/exchange,yes27a,2019-08-22T06:43:53Z
203733252,https://github.com/Fn-yus/research,Fn-yus,2019-08-22T06:57:31Z
203731944,https://github.com/bci4cpl/audio_nf,bci4cpl,2019-08-22T06:49:09Z
203725932,https://github.com/umbru/discord-tipbot,umbru,2019-08-22T06:10:07Z
203725483,https://github.com/syurskyi/Python_3_Deep_Dive_Part_1,syurskyi,2019-08-22T06:06:52Z
203725183,https://github.com/hhaka/simulator,hhaka,2019-08-22T06:04:41Z
203729961,https://github.com/sylviahjepkosgei/sly-art,sylviahjepkosgei,2019-08-22T06:36:33Z
203732953,https://github.com/obabawale/obabawale-journal-app,obabawale,2019-08-22T06:55:21Z
203733615,https://github.com/swc1326/Policy-Gradient,swc1326,2019-08-22T06:59:30Z
203732739,https://github.com/akhil3690/PYTHON-1BM17CS131,akhil3690,2019-08-22T06:53:56Z
203725228,https://github.com/edercarmona/AutoModelCar,edercarmona,2019-08-22T06:04:59Z
203728522,https://github.com/Adasek911/Keras-4,Adasek911,2019-08-22T06:27:21Z
203725333,https://github.com/bhawanabadlani/my-first-blog,bhawanabadlani,2019-08-22T06:05:43Z
203725340,https://github.com/Tom520class/AnacondaProject,Tom520class,2019-08-22T06:05:46Z
203732422,https://github.com/Halawany/api_example,Halawany,2019-08-22T06:51:56Z
203726430,https://github.com/Xenox473/Showtime,Xenox473,2019-08-22T06:13:36Z
203728939,https://github.com/yoni2k/data-science-ml-dl-audio-books,yoni2k,2019-08-22T06:29:59Z
203729354,https://github.com/selanger/study,selanger,2019-08-22T06:32:42Z
203727769,https://github.com/rahulsah1999/1BM17CS139_Python,rahulsah1999,2019-08-22T06:22:35Z
203726048,https://github.com/MikkoArtik/SummationSignal,MikkoArtik,2019-08-22T06:11:07Z
203728822,https://github.com/MKMikeGao/RCNet,MKMikeGao,2019-08-22T06:29:20Z
203725811,https://github.com/kaps-z/showing-data-you-entered-in-forms,kaps-z,2019-08-22T06:09:17Z
203725950,https://github.com/fwilleke80/PyQuiz,fwilleke80,2019-08-22T06:10:18Z
203729339,https://github.com/12csc-2019/advance-procedures-Octopusfingers4life,12csc-2019,2019-08-22T06:32:36Z
203726794,https://github.com/elliotxin/AFS_demo,elliotxin,2019-08-22T06:16:06Z
203730418,https://github.com/probakilla/ap_foot,probakilla,2019-08-22T06:39:16Z
203729490,https://github.com/KimReady/ERS-sample-server,KimReady,2019-08-22T06:33:33Z
203730195,https://github.com/dhruvarora29/dhruv,dhruvarora29,2019-08-22T06:38:01Z
203728736,https://github.com/CAOJINGYOU/PyWallpaper,CAOJINGYOU,2019-08-22T06:28:49Z
203728124,https://github.com/Peeanio/cyberchargen,Peeanio,2019-08-22T06:24:51Z
203730722,https://github.com/AndreiFlorescu/python_telemetry_sdk,AndreiFlorescu,2019-08-22T06:41:11Z
203731700,https://github.com/joshihg/twitteranalytics,joshihg,2019-08-22T06:47:29Z
203731880,https://github.com/kestrel-p1127/my-first-blog,kestrel-p1127,2019-08-22T06:48:41Z
203730043,https://github.com/BeforeSunshine/pytorch_yolov3,BeforeSunshine,2019-08-22T06:37:00Z
203731384,https://github.com/leopheard/CaitlinJohnstone,leopheard,2019-08-22T06:45:17Z
203731449,https://github.com/Emo-Group/NPTEL-Automate,Emo-Group,2019-08-22T06:45:46Z
203726203,https://github.com/priyadharshinikrishnana/newpython.py,priyadharshinikrishnana,2019-08-22T06:12:06Z
203724625,https://github.com/rrrliu/django-tutorial,rrrliu,2019-08-22T06:00:42Z
203732907,https://github.com/sooraju99/Python_LAB_1BM17CS143,sooraju99,2019-08-22T06:55:02Z
203731107,https://github.com/quanmou/meachine_learning,quanmou,2019-08-22T06:43:38Z
203731960,https://github.com/jamaludinfikrii/gitLatihan,jamaludinfikrii,2019-08-22T06:49:16Z
203732019,https://github.com/mahbubcseju/object_detection_using_tensorflow,mahbubcseju,2019-08-22T06:49:33Z
203729949,https://github.com/Dipamc77/CS229-112-DeepRL,Dipamc77,2019-08-22T06:36:30Z
203732670,https://github.com/manishnewprojects/cs50_project2,manishnewprojects,2019-08-22T06:53:26Z
203726634,https://github.com/Naniyaking/sheldon_project,Naniyaking,2019-08-22T06:15:02Z
203725776,https://github.com/Kuree/kratos-dpi,Kuree,2019-08-22T06:09:01Z
203727300,https://github.com/srajamohan1989/aquaman,srajamohan1989,2019-08-22T06:19:37Z
203726954,https://github.com/Mohammadalhakim/Fasttruck-Calculator,Mohammadalhakim,2019-08-22T06:17:05Z
203725513,https://github.com/gondaliya/polyalphabetic-cipher-python,gondaliya,2019-08-22T06:07:10Z
203730580,https://github.com/Vegctrp/pic100knock,Vegctrp,2019-08-22T06:40:18Z
203729855,https://github.com/yai333/serverlessSamplePython,yai333,2019-08-22T06:35:49Z
203728699,https://github.com/mx472756841/apis,mx472756841,2019-08-22T06:28:32Z
203725030,https://github.com/Shijj1996/WebDriver,Shijj1996,2019-08-22T06:03:39Z
203729192,https://github.com/LEMIRAUM/gui,LEMIRAUM,2019-08-22T06:31:34Z
203726434,https://github.com/bmdepesa/rpgbot,bmdepesa,2019-08-22T06:13:38Z
203726557,https://github.com/wanderdog00/learninggithub,wanderdog00,2019-08-22T06:14:27Z
203726012,https://github.com/TheMuppets/blobs,TheMuppets,2019-08-22T06:10:49Z
203726095,https://github.com/ManasaShree/HumAIn,ManasaShree,2019-08-22T06:11:24Z
203733102,https://github.com/harivans/python3,harivans,2019-08-22T06:56:22Z
203732341,https://github.com/leopheard/LightTreasonPodcast,leopheard,2019-08-22T06:51:29Z
203728967,https://github.com/lzxcvbnm11/PyQt-430,lzxcvbnm11,2019-08-22T06:30:11Z
203729824,https://github.com/suvamsaha/Fibbonacci,suvamsaha,2019-08-22T06:35:37Z
203725855,https://github.com/Jon-Ting/Honours,Jon-Ting,2019-08-22T06:09:35Z
203728751,https://github.com/saini6439/PdfSearchEngine,saini6439,2019-08-22T06:28:53Z
203726944,https://github.com/mHaleta/Preprocessing,mHaleta,2019-08-22T06:17:02Z
203724674,https://github.com/banik123/hostinfo,banik123,2019-08-22T06:01:00Z
203732370,https://github.com/SiddhantSud/Python,SiddhantSud,2019-08-22T06:51:41Z
203726210,https://github.com/jingyanbin/simple,jingyanbin,2019-08-22T06:12:09Z
203726212,https://github.com/vickypandey1200/PythonProgramming,vickypandey1200,2019-08-22T06:12:09Z
203729948,https://github.com/voathnak/sam-python,voathnak,2019-08-22T06:36:29Z
203730495,https://github.com/luozhenhua/yocto-autobuilder-helper,luozhenhua,2019-08-22T06:39:42Z
203724647,https://github.com/BurgundyIsAPublicEnemy/ShogAI,BurgundyIsAPublicEnemy,2019-08-22T06:00:49Z
203732797,https://github.com/jkpubsrc/python-module-jk-dirmonitor,jkpubsrc,2019-08-22T06:54:21Z
203729686,https://github.com/robotbard/ROSController,robotbard,2019-08-22T06:34:48Z
203728473,https://github.com/veona/1BM17CS118-PYTHON,veona,2019-08-22T06:26:56Z
203732577,https://github.com/rpiqhsy/blinkerSocket,rpiqhsy,2019-08-22T06:52:54Z
203733650,https://github.com/GRY123456/MyLeetcodePython,GRY123456,2019-08-22T06:59:42Z
203726388,https://github.com/Gowt859/array,Gowt859,2019-08-22T06:13:17Z
203726404,https://github.com/lynettenguyen/Columns,lynettenguyen,2019-08-22T06:13:26Z
203728262,https://github.com/Snehasis-oss/snehasispythonlab,Snehasis-oss,2019-08-22T06:25:36Z
203728925,https://github.com/thomakamaru/Redpitaya_SCPI_Control,thomakamaru,2019-08-22T06:29:54Z
203730394,https://github.com/rhgkswns21/CheckDataSize,rhgkswns21,2019-08-22T06:39:10Z
203728505,https://github.com/insung3511/auto-scheduler,insung3511,2019-08-22T06:27:16Z
203724791,https://github.com/dyuri/jira-python,dyuri,2019-08-22T06:02:00Z
203732255,https://github.com/uom-nlp/uom-nlp.github.io,uom-nlp,2019-08-22T06:50:57Z
203733580,https://github.com/SleepyBag/polybar-i3-workspace-windows,SleepyBag,2019-08-22T06:59:19Z
203726587,https://github.com/Ajit171098/python-lab,Ajit171098,2019-08-22T06:14:41Z
203729972,https://github.com/ArunDK153/PythonLab,ArunDK153,2019-08-22T06:36:36Z
203725870,https://github.com/yoongyo/eatoutpay,yoongyo,2019-08-22T06:09:41Z
203732155,https://github.com/HugoTW/django-deloyment-example,HugoTW,2019-08-22T06:50:24Z
203732689,https://github.com/aniltweak/google-oauth,aniltweak,2019-08-22T06:53:33Z
203733526,https://github.com/lihongli-0606/shiyanlou-code,lihongli-0606,2019-08-22T06:58:59Z
203731868,https://github.com/alexander6896/Volume-1-100-199-Online-Judge,alexander6896,2019-08-22T06:48:36Z
203726322,https://github.com/ryosuke-ku/writeToExcel,ryosuke-ku,2019-08-22T06:12:53Z
203726447,https://github.com/alejux-cr/website-blocker,alejux-cr,2019-08-22T06:13:45Z
203728759,https://github.com/Dhruval10/30Day-Challenge,Dhruval10,2019-08-22T06:28:56Z
203725790,https://github.com/reaganb/gdeck,reaganb,2019-08-22T06:09:07Z
203730076,https://github.com/BinhuiXie/summer_work,BinhuiXie,2019-08-22T06:37:14Z
203729736,https://github.com/amano41/mathdrills,amano41,2019-08-22T06:35:07Z
203725806,https://github.com/jojimpv/myref,jojimpv,2019-08-22T06:09:15Z
203725283,https://github.com/olegantonyan/rmpd_updater,olegantonyan,2019-08-22T06:05:18Z
203727485,https://github.com/MilkLiver/repo01,MilkLiver,2019-08-22T06:20:54Z
203729806,https://github.com/joebach71/django-drf-boilerplate,joebach71,2019-08-22T06:35:29Z
203725646,https://github.com/smallHK/PyCommon,smallHK,2019-08-22T06:08:04Z
203726977,https://github.com/saadi143/Lottery_results,saadi143,2019-08-22T06:17:13Z
203728481,https://github.com/CatKevin12138/ChatRoom,CatKevin12138,2019-08-22T06:27:00Z
203732522,https://github.com/supreethmkiran/assignments,supreethmkiran,2019-08-22T06:52:32Z
203730491,https://github.com/EdisonYMM/ML-classification,EdisonYMM,2019-08-22T06:39:42Z
203733606,https://github.com/1BM17CS150/PYTHONLAB,1BM17CS150,2019-08-22T06:59:26Z
203733287,https://github.com/nabekuro0104/my-first-blog,nabekuro0104,2019-08-22T06:57:43Z
203730247,https://github.com/liuhewei/piano,liuhewei,2019-08-22T06:38:17Z
203731762,https://github.com/MshahidPasha/HelloWorld,MshahidPasha,2019-08-22T06:48:00Z
203725602,https://github.com/hoehtd/language_embeddings,hoehtd,2019-08-22T06:07:46Z
203729598,https://github.com/ingomueller-net/moodle-scripts,ingomueller-net,2019-08-22T06:34:13Z
203732392,https://github.com/Pk15081995/producthunt1,Pk15081995,2019-08-22T06:51:47Z
203730707,https://github.com/abhi9877/Myproject,abhi9877,2019-08-22T06:41:06Z
203729344,https://github.com/caghankoksal/mqttExample,caghankoksal,2019-08-22T06:32:38Z
203727624,https://github.com/chanita/newinst,chanita,2019-08-22T06:21:45Z
203730512,https://github.com/DeepLatte/Tensorflow_LSTM,DeepLatte,2019-08-22T06:39:49Z
203733688,https://github.com/ProtossDragoon/MAiEye,ProtossDragoon,2019-08-22T06:59:52Z
203728895,https://github.com/e-vdev/MusKey,e-vdev,2019-08-22T06:29:40Z
203725292,https://github.com/dyuri/pyrrd,dyuri,2019-08-22T06:05:22Z
203730526,https://github.com/Shijj1996/machinelearn,Shijj1996,2019-08-22T06:39:58Z
203732874,https://github.com/saurabh241930/YOLO-Tensorflow_serving_Flask,saurabh241930,2019-08-22T06:54:49Z
203731862,https://github.com/MasonEcnu/RedisInAction,MasonEcnu,2019-08-22T06:48:34Z
203731232,https://github.com/akilmarshall/markov_chain,akilmarshall,2019-08-22T06:44:22Z
203731276,https://github.com/TylerJones304/Sandbox,TylerJones304,2019-08-22T06:44:35Z