830253,https://github.com/amumu/modev,amumu,2010-08-11T03:14:25Z
830243,https://github.com/damncabbage/recordferry,damncabbage,2010-08-11T03:08:27Z
830272,https://github.com/gastonnina/prueba,gastonnina,2010-08-11T03:40:41Z