22914045,https://github.com/dcbishop/gogame,dcbishop,2014-08-13T11:59:33Z
22914029,https://github.com/nesv/hashpw,nesv,2014-08-13T11:58:46Z
22913184,https://github.com/DrDomAdmin/ssh-manage,DrDomAdmin,2014-08-13T11:24:46Z
22913735,https://github.com/bridge-rabish/go-mathquiz,bridge-rabish,2014-08-13T11:47:20Z
22912968,https://github.com/sbinet/hml,sbinet,2014-08-13T11:15:14Z