647703,https://github.com/paaschpa/TicTacToe-Joshua,paaschpa,2010-05-05T02:22:20Z