145641473,https://github.com/siyuhuang/crowdcount-stackpool,siyuhuang,2018-08-22T01:52:23Z
145641616,https://github.com/Miracle963/bluetooth-cve,Miracle963,2018-08-22T01:53:54Z
145641304,https://github.com/Baichenjia/GHER,Baichenjia,2018-08-22T01:50:36Z
145640674,https://github.com/codertimo/Universal-Transformer,codertimo,2018-08-22T01:44:27Z
145640772,https://github.com/RayParra/PythonForMortals,RayParra,2018-08-22T01:45:26Z
145642156,https://github.com/JonGerrand/Deep-Multi-Instance-Learning,JonGerrand,2018-08-22T01:59:26Z
145640127,https://github.com/LauJames/TKMRC,LauJames,2018-08-22T01:38:59Z
145639648,https://github.com/valuko/presto_tpch_tpcds,valuko,2018-08-22T01:33:41Z
145638561,https://github.com/edg2103/odormatic,edg2103,2018-08-22T01:21:50Z
145639354,https://github.com/hannahkates/geocoding-labsgeosearch,hannahkates,2018-08-22T01:30:52Z
145638704,https://github.com/scottstanie/sentineleof,scottstanie,2018-08-22T01:23:35Z
145641674,https://github.com/iyah4888/DlibFaceDetectorDemo,iyah4888,2018-08-22T01:54:25Z
145640306,https://github.com/CQGeneralDev/pyCRM,CQGeneralDev,2018-08-22T01:40:35Z
145638797,https://github.com/scottstanie/sardem,scottstanie,2018-08-22T01:24:37Z
145640187,https://github.com/mvfrasca/Comparador-Investimentos,mvfrasca,2018-08-22T01:39:33Z
145641769,https://github.com/sunwei19910119/NovelSpider,sunwei19910119,2018-08-22T01:55:29Z
145637654,https://github.com/AndrewReifel/Crypto,AndrewReifel,2018-08-22T01:11:33Z
145637952,https://github.com/INDOnimous/ShootPackage,INDOnimous,2018-08-22T01:15:02Z
145639282,https://github.com/claraj/autograder_minimal,claraj,2018-08-22T01:30:12Z
145638497,https://github.com/edrisranjbar/simple_calculator,edrisranjbar,2018-08-22T01:21:18Z
145638301,https://github.com/t-dawei/leetcode,t-dawei,2018-08-22T01:19:10Z
145638506,https://github.com/shLuckyCode/FindAntivirusProcess,shLuckyCode,2018-08-22T01:21:23Z
145639905,https://github.com/packetfairy/actionable_slack,packetfairy,2018-08-22T01:36:20Z
145637070,https://github.com/meguid/how-popular,meguid,2018-08-22T01:05:06Z
145638220,https://github.com/androdron/localidades_AR,androdron,2018-08-22T01:18:19Z
145639366,https://github.com/critical-path/authors,critical-path,2018-08-22T01:30:58Z
145641502,https://github.com/kinreehou/razor-9dof-imu-ROS,kinreehou,2018-08-22T01:52:41Z
145639595,https://github.com/pwpape/web-caesar,pwpape,2018-08-22T01:33:10Z
145637123,https://github.com/skmun-temp/test_py,skmun-temp,2018-08-22T01:05:52Z
145637505,https://github.com/raphaccgil/nasa_logs_check,raphaccgil,2018-08-22T01:10:01Z
145638722,https://github.com/chinux23/amipy,chinux23,2018-08-22T01:23:44Z
145641143,https://github.com/ketalvyas/Python-Pypol-PyBank,ketalvyas,2018-08-22T01:48:47Z
145640661,https://github.com/wuzaipei/my-DM,wuzaipei,2018-08-22T01:44:18Z
145638196,https://github.com/yljustsk8/bigRiver-code,yljustsk8,2018-08-22T01:17:58Z
145640795,https://github.com/luoxiaoliaolan/TensorFlow-Image-Process,luoxiaoliaolan,2018-08-22T01:45:40Z
145638290,https://github.com/wuzaipei/python-sklearn,wuzaipei,2018-08-22T01:19:04Z
145638893,https://github.com/P0067407/PythonDemo,P0067407,2018-08-22T01:25:44Z
145639720,https://github.com/ju-lab/snakepipe2,ju-lab,2018-08-22T01:34:27Z
145637175,https://github.com/ahreyes25/ImageDifferenceDetection,ahreyes25,2018-08-22T01:06:23Z
145637306,https://github.com/lzylazylzy/synthesis,lzylazylzy,2018-08-22T01:07:44Z
145637315,https://github.com/MatheusBlanco/oBot,MatheusBlanco,2018-08-22T01:07:54Z
145637688,https://github.com/geeklili/Word2vec_Doc2vec,geeklili,2018-08-22T01:11:54Z
145642014,https://github.com/leScandal/Training,leScandal,2018-08-22T01:57:54Z
145639870,https://github.com/huaweicloud/bms-network-config,huaweicloud,2018-08-22T01:35:50Z
145641592,https://github.com/rrcc0044/present-service,rrcc0044,2018-08-22T01:53:45Z
145636844,https://github.com/saisampaththonangi/ilp-innovations,saisampaththonangi,2018-08-22T01:01:42Z
145640545,https://github.com/codezj/special-robot,codezj,2018-08-22T01:43:07Z
145638868,https://github.com/rwh9609/theGradeChecker,rwh9609,2018-08-22T01:25:27Z
145638919,https://github.com/hanxyy/allureeee,hanxyy,2018-08-22T01:26:04Z
145638083,https://github.com/jmeagher/esbench,jmeagher,2018-08-22T01:16:47Z
145638164,https://github.com/mtalimanchuk/log_beautifier,mtalimanchuk,2018-08-22T01:17:34Z
145638469,https://github.com/ANRGUSC/IntSim,ANRGUSC,2018-08-22T01:21:05Z
145637717,https://github.com/Mahdi03/Python-Virus,Mahdi03,2018-08-22T01:12:10Z
145641189,https://github.com/astandre/chatbot-system,astandre,2018-08-22T01:49:28Z
145640188,https://github.com/arc144/Kaggle-Home-Credit-Default-Risk,arc144,2018-08-22T01:39:34Z
145640592,https://github.com/highwindsg/learning_sensehat,highwindsg,2018-08-22T01:43:41Z
145640647,https://github.com/macketus/Python-Terminal-Blog,macketus,2018-08-22T01:44:13Z
145639082,https://github.com/funansen/demo-dockernized-flask-app,funansen,2018-08-22T01:27:58Z
145641941,https://github.com/sgallagher/modulemd-zanata,sgallagher,2018-08-22T01:57:10Z
145638552,https://github.com/enova47/cs1301-intro-to-python,enova47,2018-08-22T01:21:46Z
145640241,https://github.com/robin6510/Abs,robin6510,2018-08-22T01:40:01Z
145639101,https://github.com/Azrealy/WorkSpace,Azrealy,2018-08-22T01:28:10Z
145637944,https://github.com/tranquyhpvn/My-First-Python-Code,tranquyhpvn,2018-08-22T01:14:59Z
145640412,https://github.com/CostaAdrielle/ola-mudo,CostaAdrielle,2018-08-22T01:41:49Z
145642094,https://github.com/Robotsgobopboop/alexa_reddit_reader,Robotsgobopboop,2018-08-22T01:58:54Z
145638433,https://github.com/calups/modernart_protocol,calups,2018-08-22T01:20:40Z
145640087,https://github.com/zjyfdu/xml2dict,zjyfdu,2018-08-22T01:38:33Z
145638644,https://github.com/pythonohtyp/aliyun,pythonohtyp,2018-08-22T01:22:54Z
145639935,https://github.com/qkyy521314/Python,qkyy521314,2018-08-22T01:36:44Z
145639773,https://github.com/fushuai1229/gitskills,fushuai1229,2018-08-22T01:34:54Z
145639880,https://github.com/mtstickney/grabbag,mtstickney,2018-08-22T01:35:57Z
145639472,https://github.com/vervaingod/pythonLearning,vervaingod,2018-08-22T01:31:59Z
145637341,https://github.com/Nickotronz7/LightBotCC,Nickotronz7,2018-08-22T01:08:10Z
145638413,https://github.com/akant0/NLP,akant0,2018-08-22T01:20:26Z
145641891,https://github.com/wuzaipei/python-opencv,wuzaipei,2018-08-22T01:56:40Z
145641313,https://github.com/ajimenezUCLA/python_camel_run,ajimenezUCLA,2018-08-22T01:50:46Z
145641322,https://github.com/KevinvFeng/Ledger,KevinvFeng,2018-08-22T01:50:52Z
145636879,https://github.com/digital-culture-seminar/cptaylor-poetry-repository,digital-culture-seminar,2018-08-22T01:02:12Z
145636913,https://github.com/Amjad-H-Ali/New-Year-Chaos-Python,Amjad-H-Ali,2018-08-22T01:02:42Z
145641956,https://github.com/Sweltering/gouban_spider,Sweltering,2018-08-22T01:57:16Z
145638036,https://github.com/Saloni1297/Fake-news-Detection,Saloni1297,2018-08-22T01:16:04Z
145641145,https://github.com/wrsexton/LearningPython,wrsexton,2018-08-22T01:48:48Z
145640195,https://github.com/tribeiro/ts_sequence,tribeiro,2018-08-22T01:39:37Z
145637782,https://github.com/iyhaoo/URSM-master_edited,iyhaoo,2018-08-22T01:13:03Z
145638637,https://github.com/sahu1993/Classification-and-Regression,sahu1993,2018-08-22T01:22:49Z
145637118,https://github.com/davidcgill/typespeed,davidcgill,2018-08-22T01:05:51Z
145640149,https://github.com/pwangsom/python_utilities,pwangsom,2018-08-22T01:39:09Z
145639359,https://github.com/erickcruzf/Exercicios,erickcruzf,2018-08-22T01:30:56Z
145637322,https://github.com/rnekadi/CSEE5590_PYTHON_DEEPLEARNING_FALL2018,rnekadi,2018-08-22T01:07:58Z
145639137,https://github.com/sahu1993/Logistic-Regression-and-SVM,sahu1993,2018-08-22T01:28:32Z
145641812,https://github.com/CLMus85/MTGLookup,CLMus85,2018-08-22T01:55:49Z
145638774,https://github.com/huanggit/crawl,huanggit,2018-08-22T01:24:20Z
145639892,https://github.com/Eieilin/flaskapp,Eieilin,2018-08-22T01:36:08Z
145640519,https://github.com/dadoubigege/dofcn,dadoubigege,2018-08-22T01:42:54Z
145639135,https://github.com/caiogoncalves/filamento,caiogoncalves,2018-08-22T01:28:30Z
145642072,https://github.com/Sweltering/dytt_spider,Sweltering,2018-08-22T01:58:41Z
145638452,https://github.com/nouveaupg/django-multiuser,nouveaupg,2018-08-22T01:20:54Z
145638221,https://github.com/JarrodAMcEvers/postgres_query_ansible_module,JarrodAMcEvers,2018-08-22T01:18:19Z
145638815,https://github.com/sahu1993/Handwritten-Digits-Classification,sahu1993,2018-08-22T01:24:48Z
145640296,https://github.com/houi51899/emotionalAgent,houi51899,2018-08-22T01:40:32Z
145637463,https://github.com/YannBouyeron/bottle-session,YannBouyeron,2018-08-22T01:09:32Z
145637477,https://github.com/masankin/mitmdump,masankin,2018-08-22T01:09:40Z
145641997,https://github.com/a382695908/pygame,a382695908,2018-08-22T01:57:43Z
145642153,https://github.com/Sihan-Son/AI_CLINIC_CBNU,Sihan-Son,2018-08-22T01:59:24Z
145640728,https://github.com/jkuts/LightingControlX,jkuts,2018-08-22T01:45:03Z
145638093,https://github.com/theatlantic/megaphone,theatlantic,2018-08-22T01:16:50Z
145639670,https://github.com/tapegram/dating_app,tapegram,2018-08-22T01:33:52Z
145637958,https://github.com/Patricio-Mondragon/Actividades-Fundamentos-Programacion,Patricio-Mondragon,2018-08-22T01:15:08Z
145638045,https://github.com/SensorTeam/finder-mk1,SensorTeam,2018-08-22T01:16:14Z
145638987,https://github.com/wuchenxi/persistent_rips,wuchenxi,2018-08-22T01:26:52Z
145641469,https://github.com/cytues/LearnPygame,cytues,2018-08-22T01:52:19Z
145638233,https://github.com/cs-cordero/rei,cs-cordero,2018-08-22T01:18:37Z
145639593,https://github.com/gushiren2012/oz,gushiren2012,2018-08-22T01:33:09Z
145639474,https://github.com/edwinrosemond1/betting-sample,edwinrosemond1,2018-08-22T01:31:59Z
145637655,https://github.com/lmachucf1621/Absorption,lmachucf1621,2018-08-22T01:11:34Z
145640896,https://github.com/xiaoyingza/Algorithm,xiaoyingza,2018-08-22T01:46:31Z
145642082,https://github.com/axa880github/tdd-bdd,axa880github,2018-08-22T01:58:45Z
145641361,https://github.com/yugengde/ml_algorithm,yugengde,2018-08-22T01:51:13Z
145638670,https://github.com/adrikim/oracc-json-to-docx,adrikim,2018-08-22T01:23:12Z
145640568,https://github.com/sr-henry/py_keylogger,sr-henry,2018-08-22T01:43:22Z
145642162,https://github.com/theshteves/doodle,theshteves,2018-08-22T01:59:28Z
145637205,https://github.com/Yankai-Jia/FAQs-Semantic-Matcher-,Yankai-Jia,2018-08-22T01:06:44Z
145638291,https://github.com/loganmartintran/ac,loganmartintran,2018-08-22T01:19:05Z
145641527,https://github.com/balakumardevil/bala34,balakumardevil,2018-08-22T01:52:54Z
145641255,https://github.com/wuzaipei/data-processor,wuzaipei,2018-08-22T01:50:04Z
145639565,https://github.com/findingnino/django-webboard,findingnino,2018-08-22T01:32:50Z
145640366,https://github.com/dingchuanbin/jenkins,dingchuanbin,2018-08-22T01:41:23Z