316819,https://github.com/eyeseast/python-publish2,eyeseast,2009-09-24T21:30:24Z