71616022,https://github.com/lpty/recommendation,lpty,2016-10-22T04:10:45Z
71615680,https://github.com/HackSwjtu/HackRunningGo,HackSwjtu,2016-10-22T04:01:18Z
71617229,https://github.com/chrisjmccormick/simsearch,chrisjmccormick,2016-10-22T04:44:35Z
71617633,https://github.com/abhilb/pyqtgraphutils,abhilb,2016-10-22T04:55:55Z
71617268,https://github.com/angeris/DominAI,angeris,2016-10-22T04:45:33Z
71616529,https://github.com/AtsushiSakai/CurvatureNumeric,AtsushiSakai,2016-10-22T04:25:07Z
71616220,https://github.com/suzuki-shunsuke/ansible-pyenv,suzuki-shunsuke,2016-10-22T04:16:08Z
71616441,https://github.com/hackathon-RST/hackathon-RST,hackathon-RST,2016-10-22T04:22:25Z
71616352,https://github.com/ihfazhillah/facebook,ihfazhillah,2016-10-22T04:20:03Z
71615668,https://github.com/dorokhin/KridaDimmer,dorokhin,2016-10-22T04:01:04Z
71616041,https://github.com/andytuwm/lympht,andytuwm,2016-10-22T04:11:16Z
71616681,https://github.com/davidmthomsen/Pen-Test-Tools,davidmthomsen,2016-10-22T04:29:26Z
71615804,https://github.com/leeamen/threadpool,leeamen,2016-10-22T04:04:14Z
71616279,https://github.com/KKRainbow/btags,KKRainbow,2016-10-22T04:17:53Z
71616130,https://github.com/lindsaymarkward/flaskdemo,lindsaymarkward,2016-10-22T04:13:44Z
71616780,https://github.com/hahooy/homesort,hahooy,2016-10-22T04:32:10Z
71617749,https://github.com/codewatson/DareML,codewatson,2016-10-22T04:59:19Z
71616463,https://github.com/tomitsui123/MachineLearning1,tomitsui123,2016-10-22T04:22:54Z
71616465,https://github.com/lhzssoft/project_scrapy_medication,lhzssoft,2016-10-22T04:22:56Z
71616969,https://github.com/Mehfistoe/Last-Words-Analysis,Mehfistoe,2016-10-22T04:37:34Z
71616416,https://github.com/ninjacrash/geospatial,ninjacrash,2016-10-22T04:21:41Z
71616997,https://github.com/geekhub-python/in-out-math-garagemp3,geekhub-python,2016-10-22T04:38:37Z
71615971,https://github.com/kirangavini/pyspark-material,kirangavini,2016-10-22T04:09:11Z
71615965,https://github.com/patelv26/pynet_test,patelv26,2016-10-22T04:09:02Z
71616197,https://github.com/DonBrowny/Python,DonBrowny,2016-10-22T04:15:26Z
71616346,https://github.com/ytworks/evolution_system,ytworks,2016-10-22T04:19:47Z
71617406,https://github.com/jiuzhou18/WebCrawler,jiuzhou18,2016-10-22T04:49:24Z
71617514,https://github.com/chendaniely/2016-11-03-nsbe,chendaniely,2016-10-22T04:52:36Z
71617020,https://github.com/doubleh777/djangoPractice,doubleh777,2016-10-22T04:39:06Z
71616965,https://github.com/Heasummn/peach-lang,Heasummn,2016-10-22T04:37:25Z
71616733,https://github.com/Andrew9702/Practica11-Modelado20171,Andrew9702,2016-10-22T04:30:48Z
71615667,https://github.com/keliangyong/microblog,keliangyong,2016-10-22T04:01:02Z
71617420,https://github.com/benjamin-wen/learn_flask,benjamin-wen,2016-10-22T04:50:05Z
71615795,https://github.com/emakryo/gaussian_process,emakryo,2016-10-22T04:04:01Z
71616621,https://github.com/gstaubli/runtime_stats,gstaubli,2016-10-22T04:27:32Z
71615648,https://github.com/t17711/my-simulation-project,t17711,2016-10-22T04:00:21Z
71617024,https://github.com/allendaicool/quantStrategy,allendaicool,2016-10-22T04:39:17Z
71617323,https://github.com/takahitoogawa/study,takahitoogawa,2016-10-22T04:47:04Z