340592826,https://github.com/phpdev-saurabh/Wordpress-ACF-Customizations,phpdev-saurabh,2021-02-20T07:36:32Z
340593961,https://github.com/nikitakuznecov/vue_modx,nikitakuznecov,2021-02-20T07:43:01Z
340588286,https://github.com/nomancse19/maskmind,nomancse19,2021-02-20T07:11:43Z
340593843,https://github.com/anhskohbo/twentyci-blog,anhskohbo,2021-02-20T07:42:24Z
340587336,https://github.com/myomyintkyaw2280/laravel_hotel,myomyintkyaw2280,2021-02-20T07:06:44Z
340587117,https://github.com/MineDeepRock/deceit,MineDeepRock,2021-02-20T07:05:28Z
340594768,https://github.com/caluz777co/bkmovies,caluz777co,2021-02-20T07:47:25Z
340594424,https://github.com/uzuraming/shumi_lation2,uzuraming,2021-02-20T07:45:29Z
340594468,https://github.com/Alfredloz/laravel-base-crud,Alfredloz,2021-02-20T07:45:41Z
340587235,https://github.com/upendrandh/bankaccount-php-jenkins,upendrandh,2021-02-20T07:06:03Z
340587042,https://github.com/php-bootcamp/odev4-mehmetsinanozdemir,php-bootcamp,2021-02-20T07:05:05Z
340586269,https://github.com/tthiagopereira/teste-solid,tthiagopereira,2021-02-20T07:01:16Z
340590366,https://github.com/refresh-mintowa/laravel,refresh-mintowa,2021-02-20T07:23:06Z
340590410,https://github.com/saharatTiew/wad-assignment02,saharatTiew,2021-02-20T07:23:22Z
340595677,https://github.com/Jaskaran111999/tcabs-web,Jaskaran111999,2021-02-20T07:52:45Z
340592727,https://github.com/tepern/laravel,tepern,2021-02-20T07:35:57Z
340593159,https://github.com/F-MUSALI/emusic-promoter,F-MUSALI,2021-02-20T07:38:30Z
340592242,https://github.com/Prohor722/postry,Prohor722,2021-02-20T07:33:21Z
340589347,https://github.com/Baghdasarov/compado-ebay-test,Baghdasarov,2021-02-20T07:17:29Z
340591187,https://github.com/Cristian386/examen_CristianFloresGarcia_DSM-53,Cristian386,2021-02-20T07:27:57Z
340589427,https://github.com/smadropship/smademo,smadropship,2021-02-20T07:17:54Z
340591995,https://github.com/patmtp99/youtube-heroku,patmtp99,2021-02-20T07:32:01Z
340595427,https://github.com/Dontake/DesignPatterns,Dontake,2021-02-20T07:51:20Z
340596344,https://github.com/bagendeh/webs,bagendeh,2021-02-20T07:56:24Z
340589625,https://github.com/imsaikatsen/contact_management_system,imsaikatsen,2021-02-20T07:19:08Z
340587904,https://github.com/IbrahimHassan80/login-register-by-php_native,IbrahimHassan80,2021-02-20T07:09:43Z
340592991,https://github.com/papivic0/airtimepingenerator,papivic0,2021-02-20T07:37:27Z
340596047,https://github.com/Shaivye/BASIC-BANKING-SYSTEM,Shaivye,2021-02-20T07:54:47Z
340595489,https://github.com/Shaket123/bank,Shaket123,2021-02-20T07:51:39Z
340595830,https://github.com/ytharumta/jendela360,ytharumta,2021-02-20T07:53:34Z
340590155,https://github.com/ardilalukita14/02_praktikum_web_lanjut_tiga,ardilalukita14,2021-02-20T07:22:07Z
340587018,https://github.com/swastik-7880/CRUD,swastik-7880,2021-02-20T07:04:57Z
340588155,https://github.com/Yelaman0111/PizzaHouse,Yelaman0111,2021-02-20T07:11:00Z
340593074,https://github.com/bnjmnhssnn/_ConfiguratorNeu,bnjmnhssnn,2021-02-20T07:38:00Z
340587672,https://github.com/32bitPC/sql-php-moodle-notes,32bitPC,2021-02-20T07:08:33Z
340591378,https://github.com/Nikhilkumarlinga/todoList,Nikhilkumarlinga,2021-02-20T07:28:56Z
340595735,https://github.com/Avanish-K-Singh/sparks-foundation-internship,Avanish-K-Singh,2021-02-20T07:53:03Z
340587089,https://github.com/gmcmullengrc/midterm,gmcmullengrc,2021-02-20T07:05:18Z
340591211,https://github.com/503bug/503,503bug,2021-02-20T07:28:04Z
340589321,https://github.com/ayuayue/php-frame,ayuayue,2021-02-20T07:17:18Z
340589765,https://github.com/mitramitro/belajarLaravel8,mitramitro,2021-02-20T07:19:59Z
340594185,https://github.com/devfutech/UdacodingTaskOneAndTwo,devfutech,2021-02-20T07:44:07Z
340592689,https://github.com/dwiky24/remote24,dwiky24,2021-02-20T07:35:40Z
340589836,https://github.com/sultanbisri/Aplikasi-Buku-OOP-Berbasis-Web,sultanbisri,2021-02-20T07:20:24Z
340586796,https://github.com/kennyendowed/rechargeCardPinGenerator,kennyendowed,2021-02-20T07:03:34Z
340589461,https://github.com/akarachan/CloudPine,akarachan,2021-02-20T07:18:05Z
340593650,https://github.com/fo-ji/spa_blog_sample,fo-ji,2021-02-20T07:41:25Z
340596337,https://github.com/satyamtiwari98/CedCab,satyamtiwari98,2021-02-20T07:56:23Z
340589165,https://github.com/alcemircabral/PHP,alcemircabral,2021-02-20T07:16:29Z
340588588,https://github.com/Humayan4243/rfidprojects2021.github.io,Humayan4243,2021-02-20T07:13:15Z
340589961,https://github.com/deepakGupta00/login_system,deepakGupta00,2021-02-20T07:21:07Z
340590984,https://github.com/mr687/zoom-meeting,mr687,2021-02-20T07:26:47Z
340586534,https://github.com/Yashuuu31/Thread-Project,Yashuuu31,2021-02-20T07:02:19Z