27005498,https://github.com/arnicas/word2vec-pride-vis,arnicas,2014-11-22T16:55:40Z
27005433,https://github.com/ael-code/pyFsdb,ael-code,2014-11-22T16:53:09Z
27005391,https://github.com/tansey/smoothfdr,tansey,2014-11-22T16:51:21Z
27003992,https://github.com/khwilson/pydata2014,khwilson,2014-11-22T16:03:23Z
27004424,https://github.com/aipescience/verlustdernacht,aipescience,2014-11-22T16:18:30Z
27005442,https://github.com/anaoprea/iDibo,anaoprea,2014-11-22T16:53:27Z
27004969,https://github.com/friehl/DS205,friehl,2014-11-22T16:36:31Z
27004392,https://github.com/p-ob/restPy,p-ob,2014-11-22T16:17:30Z
27004551,https://github.com/mbalamat/BlackJack,mbalamat,2014-11-22T16:22:23Z
27003989,https://github.com/j0lly/Odin,j0lly,2014-11-22T16:03:20Z
27004947,https://github.com/alehander92/bach,alehander92,2014-11-22T16:35:36Z
27004036,https://github.com/janiegu/dynamicboard,janiegu,2014-11-22T16:04:36Z
27005513,https://github.com/skylark6802/News-comparator,skylark6802,2014-11-22T16:56:06Z
27004818,https://github.com/DavidMonk00/percolation_model,DavidMonk00,2014-11-22T16:31:18Z
27004951,https://github.com/yangsensen/face_classification,yangsensen,2014-11-22T16:35:45Z
27004974,https://github.com/Arvutiklubi/ItchyFlag,Arvutiklubi,2014-11-22T16:36:36Z
27005535,https://github.com/awesomebytes/bokeh_ros,awesomebytes,2014-11-22T16:56:54Z
27003960,https://github.com/JasmineIslamNY/Thinkful,JasmineIslamNY,2014-11-22T16:02:30Z
27005545,https://github.com/meantheory/sat,meantheory,2014-11-22T16:57:07Z
27005465,https://github.com/luongthevinh/MBALearnsToCode-Python,luongthevinh,2014-11-22T16:54:03Z
27004031,https://github.com/Ruskz/APIs,Ruskz,2014-11-22T16:04:31Z
27005462,https://github.com/DavidGaetan/playlistFinal,DavidGaetan,2014-11-22T16:54:01Z
27005027,https://github.com/vivekmadurai/angularjs,vivekmadurai,2014-11-22T16:38:29Z
27004530,https://github.com/MoonieMama/SNA-project,MoonieMama,2014-11-22T16:21:45Z
27004697,https://github.com/victoroza/restaurant_simple,victoroza,2014-11-22T16:27:02Z
27004955,https://github.com/adampatisteas/NYTimes_Articles,adampatisteas,2014-11-22T16:35:57Z
27004822,https://github.com/cgallego/stage1features,cgallego,2014-11-22T16:31:29Z
27005330,https://github.com/salas106/irc-ltl-framework,salas106,2014-11-22T16:49:14Z
27005332,https://github.com/idkrepp12/python-projects,idkrepp12,2014-11-22T16:49:20Z
27004686,https://github.com/fptrainnie/darkMaze,fptrainnie,2014-11-22T16:26:47Z
27004809,https://github.com/cpressey/The-Shortbread-Rocketship,cpressey,2014-11-22T16:30:59Z
27004610,https://github.com/blutarche/someone-in-the-maze,blutarche,2014-11-22T16:24:28Z
27004671,https://github.com/sadekj/meet-django-solution,sadekj,2014-11-22T16:26:29Z
27004755,https://github.com/aaronsgithub/tdd_with_python,aaronsgithub,2014-11-22T16:28:50Z