42968255,https://github.com/pr4jwal/qualysparser,pr4jwal,2015-09-23T00:11:28Z
42969473,https://github.com/codefordc/query-dc-mar,codefordc,2015-09-23T00:46:16Z
42968646,https://github.com/ab93/Third_eye,ab93,2015-09-23T00:22:07Z
42968975,https://github.com/silviolleite/minicursopython2015,silviolleite,2015-09-23T00:32:22Z
42968871,https://github.com/onyxfish/agate-numpy,onyxfish,2015-09-23T00:28:43Z
42968955,https://github.com/VanBronckhorst/VizProject2,VanBronckhorst,2015-09-23T00:31:44Z
42969877,https://github.com/michellezzz/Query_Expansion,michellezzz,2015-09-23T00:58:56Z
42968164,https://github.com/eduardobraun/transitar.io,eduardobraun,2015-09-23T00:08:51Z
42968754,https://github.com/Livefyre/esmgr,Livefyre,2015-09-23T00:25:06Z
42968325,https://github.com/wyittbytes/Dice_Game,wyittbytes,2015-09-23T00:13:07Z
42968498,https://github.com/fernandodof/django-rest-tasks,fernandodof,2015-09-23T00:18:12Z
42969135,https://github.com/brodie20j/GopherProtocolImpl,brodie20j,2015-09-23T00:37:11Z
42969137,https://github.com/brennanblue/svgplotlib,brennanblue,2015-09-23T00:37:14Z
42968999,https://github.com/ctdevlab/Courses-Pylot-Demo,ctdevlab,2015-09-23T00:33:08Z
42968190,https://github.com/sjschmidt44/python_data_structures,sjschmidt44,2015-09-23T00:09:23Z
42969629,https://github.com/tetelestia/TenHundred,tetelestia,2015-09-23T00:51:20Z
42969490,https://github.com/JnyJny/PyRcon,JnyJny,2015-09-23T00:46:43Z
42968151,https://github.com/Chekosoft/web-python-2015,Chekosoft,2015-09-23T00:08:25Z
42969902,https://github.com/froginfrog/zhemebang,froginfrog,2015-09-23T00:59:58Z
42968824,https://github.com/uhjish/velvetrope,uhjish,2015-09-23T00:27:19Z
42968307,https://github.com/hallyn/qtile-config,hallyn,2015-09-23T00:12:44Z
42969369,https://github.com/EPodesta/UFSC-2015-Grafos,EPodesta,2015-09-23T00:43:35Z
42968630,https://github.com/kirestus/rob_champ,kirestus,2015-09-23T00:21:49Z
42967872,https://github.com/maodunzhe/clean_code,maodunzhe,2015-09-23T00:00:05Z
42967926,https://github.com/soccin/Spo11_v3,soccin,2015-09-23T00:01:21Z
42969332,https://github.com/charlesbabbage1/analytical-engine,charlesbabbage1,2015-09-23T00:42:27Z
42968292,https://github.com/m-fkill/CravingsVoteApp,m-fkill,2015-09-23T00:12:21Z
42969601,https://github.com/3stack-software/python-aniso8601-relativedelta,3stack-software,2015-09-23T00:50:29Z
42968935,https://github.com/msharm11/TransparentML,msharm11,2015-09-23T00:30:46Z
42969253,https://github.com/smeylan/creaky,smeylan,2015-09-23T00:40:33Z