7375805,https://github.com/danvbe/e-Localuri,danvbe,2012-12-30T11:22:54Z
7375894,https://github.com/widodopangestu/silelang,widodopangestu,2012-12-30T11:37:52Z
7375723,https://github.com/readOnlyFile/fund_hit,readOnlyFile,2012-12-30T11:10:12Z
7375923,https://github.com/loncarales/prestashop-modules,loncarales,2012-12-30T11:42:22Z
7375892,https://github.com/vdclouis/open9000,vdclouis,2012-12-30T11:37:31Z
7375861,https://github.com/sanghyun8039/opentutorials,sanghyun8039,2012-12-30T11:33:09Z
7375891,https://github.com/LitGroupArchive/DoctrineExtensions,LitGroupArchive,2012-12-30T11:37:24Z
7375966,https://github.com/joglomedia/woocommerce-ipaymu-gateway,joglomedia,2012-12-30T11:51:57Z
7375794,https://github.com/tekapo/wp_oreore_set,tekapo,2012-12-30T11:21:52Z