70344427,https://github.com/trevor-atlas/read-time,trevor-atlas,2016-10-08T16:39:02Z
70343822,https://github.com/r0r1/laravel-activator,r0r1,2016-10-08T16:28:24Z
70344563,https://github.com/lsenecaux/phpCrypto,lsenecaux,2016-10-08T16:41:42Z
70344257,https://github.com/Dnikolaenko/learn_gd,Dnikolaenko,2016-10-08T16:35:50Z
70343667,https://github.com/844196/slack,844196,2016-10-08T16:25:35Z
70344112,https://github.com/amarcuccis/web-apps-reservas-alquilauto,amarcuccis,2016-10-08T16:33:10Z
70343782,https://github.com/anonymouse71/ecommerce-6,anonymouse71,2016-10-08T16:27:49Z
70344547,https://github.com/bboy061/storek,bboy061,2016-10-08T16:41:28Z
70343253,https://github.com/digital-mine/basic-interassets-dice-game,digital-mine,2016-10-08T16:17:47Z
70343402,https://github.com/Taitava/silverstripe-taitavadefaults,Taitava,2016-10-08T16:20:41Z
70344229,https://github.com/shurizzle/php-which,shurizzle,2016-10-08T16:35:02Z
70343525,https://github.com/apvarun/SpeedBlog,apvarun,2016-10-08T16:22:58Z
70344978,https://github.com/Br34th7aking/clearibps,Br34th7aking,2016-10-08T16:49:55Z
70342297,https://github.com/khetsothea/BusZhol,khetsothea,2016-10-08T16:00:49Z
70344644,https://github.com/lord0gnome/rush00_piscine_PHP,lord0gnome,2016-10-08T16:43:40Z
70343133,https://github.com/jzhang113/leepfrog-data,jzhang113,2016-10-08T16:15:44Z
70343154,https://github.com/nyhu/Camagru,nyhu,2016-10-08T16:16:04Z
70343371,https://github.com/shahryarjb/com_crocodilecontent,shahryarjb,2016-10-08T16:20:21Z
70342600,https://github.com/ExperTS-UFAM/AM-TaaS,ExperTS-UFAM,2016-10-08T16:06:32Z
70344067,https://github.com/jmaciasr/practica-tradured,jmaciasr,2016-10-08T16:32:23Z
70344889,https://github.com/ronanversendaal/migration-describer,ronanversendaal,2016-10-08T16:48:17Z
70344904,https://github.com/BrynnMountain/kitchenaids,BrynnMountain,2016-10-08T16:48:30Z
70342581,https://github.com/pushkar14/CalendarInvite,pushkar14,2016-10-08T16:06:13Z
70345055,https://github.com/oriverhu/laboratorio-laravel,oriverhu,2016-10-08T16:51:14Z
70342716,https://github.com/oizdar/getresponse,oizdar,2016-10-08T16:08:25Z
70343750,https://github.com/web-android/exemplo-token-laravel,web-android,2016-10-08T16:27:10Z
70344949,https://github.com/pool13433/crm-sakaeo,pool13433,2016-10-08T16:49:22Z
70345398,https://github.com/Yamidav/php-academy1,Yamidav,2016-10-08T16:58:18Z