1651627,https://github.com/shelfworthy/django-stats,shelfworthy,2011-04-22T22:01:18Z
1651657,https://github.com/guysoft/Chrome-Extension-Modifier,guysoft,2011-04-22T22:08:20Z
1651643,https://github.com/vvoody/doodle_fork,vvoody,2011-04-22T22:05:12Z