1424036,https://github.com/donatj/RewriteRule-Generator,donatj,2011-03-01T00:18:38Z
1424042,https://github.com/tobz-nz/autoform-spark,tobz-nz,2011-03-01T00:19:39Z
1424138,https://github.com/AllGamer/AGBS-Backend-Frontend,AllGamer,2011-03-01T00:51:13Z
1424081,https://github.com/coleHafner/v2.coleandheather.com,coleHafner,2011-03-01T00:35:58Z