77740124,https://github.com/Cadair/matrix-appservice-hangouts,Cadair,2016-12-31T12:51:46Z
77740149,https://github.com/pgjones/flake8-sql,pgjones,2016-12-31T12:52:24Z
77739995,https://github.com/konopczynski/Classic-Algorithms-3D,konopczynski,2016-12-31T12:48:05Z
77739402,https://github.com/stonier/ckx_tools,stonier,2016-12-31T12:29:21Z
77739754,https://github.com/nobodyinperson/simbuto,nobodyinperson,2016-12-31T12:39:59Z
77739202,https://github.com/kpulkit29/Simple-custom-python-game,kpulkit29,2016-12-31T12:22:53Z
77738535,https://github.com/bluenote10/SimpleLanguageBenchmarks,bluenote10,2016-12-31T12:00:56Z
77739357,https://github.com/tarbs/AWS-dynamic-DNS,tarbs,2016-12-31T12:27:45Z
77739000,https://github.com/Chronophobe/reddit-recommendation-bot,Chronophobe,2016-12-31T12:16:23Z
77739077,https://github.com/SatoshiStr/monitor,SatoshiStr,2016-12-31T12:18:56Z
77739145,https://github.com/jefke-glider/gliding,jefke-glider,2016-12-31T12:20:53Z
77740220,https://github.com/umercvision/Social-Engineering-Toolkit,umercvision,2016-12-31T12:54:32Z
77739516,https://github.com/stiliajohny/quadcopter,stiliajohny,2016-12-31T12:32:36Z
77738710,https://github.com/xiaosean/codingTheory_hw,xiaosean,2016-12-31T12:07:50Z
77740209,https://github.com/Levtastic/StreamBot,Levtastic,2016-12-31T12:54:19Z
77739220,https://github.com/PytrikFolkertsma/TheDataMonkeysAML2016-NeuralNet,PytrikFolkertsma,2016-12-31T12:23:16Z
77739944,https://github.com/raghavendra990/python-practice,raghavendra990,2016-12-31T12:46:19Z
77739642,https://github.com/Robin-Andrews/Sound-Math,Robin-Andrews,2016-12-31T12:36:28Z
77738957,https://github.com/ziggy192/RESTDemoApi,ziggy192,2016-12-31T12:14:58Z
77738721,https://github.com/SteveClement/py-hueHome,SteveClement,2016-12-31T12:08:06Z
77740389,https://github.com/yokotanaohiko/image_search,yokotanaohiko,2016-12-31T12:59:40Z
77739882,https://github.com/rogercaminal/GroupMoneyCounter,rogercaminal,2016-12-31T12:44:09Z
77739916,https://github.com/seventh1976/Django-AngularJS,seventh1976,2016-12-31T12:45:19Z
77739844,https://github.com/syafiqrokman/rnn-gru-characters,syafiqrokman,2016-12-31T12:42:43Z
77738815,https://github.com/kosta3ov/my-first-blog,kosta3ov,2016-12-31T12:10:59Z
77738992,https://github.com/NiklasRosenstein/docbrowser,NiklasRosenstein,2016-12-31T12:16:08Z
77739142,https://github.com/ipython-toolbox/pypi_template,ipython-toolbox,2016-12-31T12:20:51Z
77739153,https://github.com/prclzr/Course,prclzr,2016-12-31T12:21:04Z
77740230,https://github.com/rahulb246/Udacity_movie_trailer_website,rahulb246,2016-12-31T12:54:45Z
77738826,https://github.com/davcap321/rpi-security,davcap321,2016-12-31T12:11:16Z
77739583,https://github.com/gatitoneku/WAV-Audio-Bandpass-Filter-FIR-Windowing-Method-,gatitoneku,2016-12-31T12:34:38Z
77739918,https://github.com/mcerovic/PohligHellman,mcerovic,2016-12-31T12:45:26Z