4484115,https://github.com/mstem/lazytruth_server,mstem,2012-05-29T15:50:39Z
4483742,https://github.com/kuruoujou/kuroshi-xbmc-repo,kuruoujou,2012-05-29T15:20:41Z
4483850,https://github.com/TravisBarryDick/nntracker,TravisBarryDick,2012-05-29T15:29:24Z
4483665,https://github.com/wybczu/pyinvoice,wybczu,2012-05-29T15:13:24Z
4483877,https://github.com/tcd-tophat/TopHat-tests,tcd-tophat,2012-05-29T15:31:28Z
4484144,https://github.com/HazukiShiro/qBittorrent-Search-Plugins,HazukiShiro,2012-05-29T15:53:19Z
4484192,https://github.com/Hydriz/MediaTarballs,Hydriz,2012-05-29T15:57:15Z
4483953,https://github.com/devasiajoseph/quickstart-django,devasiajoseph,2012-05-29T15:37:29Z
4483538,https://github.com/huiqi2100/dhsannouncements,huiqi2100,2012-05-29T15:01:08Z
4484069,https://github.com/geocam/geocamResponderMaps,geocam,2012-05-29T15:46:24Z
4483748,https://github.com/biomembranes/TensorOrderingWithErrorAn,biomembranes,2012-05-29T15:21:03Z