85533038,https://github.com/ChunyuanLI/DiscoGAN,ChunyuanLI,2017-03-20T03:48:21Z
85533364,https://github.com/doveccl/Ingress-Intel-Bot,doveccl,2017-03-20T03:53:02Z
85532691,https://github.com/ancorasir/as_DeepClaw,ancorasir,2017-03-20T03:43:21Z
85532522,https://github.com/ammgws/wynbot,ammgws,2017-03-20T03:40:58Z
85529551,https://github.com/649435349/scrapy_manyvideowebsite,649435349,2017-03-20T03:00:44Z
85532067,https://github.com/qiaoshiji/Datacastle_traffic,qiaoshiji,2017-03-20T03:34:48Z
85533620,https://github.com/lss20103278/lantern,lss20103278,2017-03-20T03:56:22Z
85530965,https://github.com/justinjereza/FEA-MP,justinjereza,2017-03-20T03:19:02Z
85530530,https://github.com/cweidenkeller/mini-mailgun,cweidenkeller,2017-03-20T03:13:25Z
85530354,https://github.com/luohq09/sentencenet,luohq09,2017-03-20T03:11:16Z
85532248,https://github.com/li9701/test,li9701,2017-03-20T03:37:08Z
85533262,https://github.com/suds2692/cloud_devops,suds2692,2017-03-20T03:51:39Z
85532560,https://github.com/weizy1981/FlaskTemplate,weizy1981,2017-03-20T03:41:25Z
85531498,https://github.com/InsightfullyYours/AIDS-Web-App,InsightfullyYours,2017-03-20T03:27:20Z
85532653,https://github.com/zlfben/tools_for_gem5-NVP,zlfben,2017-03-20T03:42:43Z
85531068,https://github.com/Loli12345/new_totrial,Loli12345,2017-03-20T03:20:42Z
85530349,https://github.com/tlsehdrb8659/201111235shindongkyu,tlsehdrb8659,2017-03-20T03:11:13Z
85533208,https://github.com/yaremych/Project3_homeworks,yaremych,2017-03-20T03:50:52Z
85532246,https://github.com/victorbreder/digital-logic-circuit-simulator,victorbreder,2017-03-20T03:37:06Z
85529706,https://github.com/markfengyunzhou/Zabbix,markfengyunzhou,2017-03-20T03:02:43Z
85529715,https://github.com/ShuangLau/Hand-Fingertip-Recognition,ShuangLau,2017-03-20T03:02:48Z
85529847,https://github.com/danarcher96/other,danarcher96,2017-03-20T03:04:39Z
85531137,https://github.com/therealdealneil/spotirecent,therealdealneil,2017-03-20T03:22:00Z
85533582,https://github.com/thanatos/crypto-tools,thanatos,2017-03-20T03:55:53Z
85532369,https://github.com/fendouxiong/sshgo,fendouxiong,2017-03-20T03:38:55Z
85533663,https://github.com/myriamgendron/EDM5240-moissonnage,myriamgendron,2017-03-20T03:56:59Z
85533599,https://github.com/Dan12/chc-code,Dan12,2017-03-20T03:56:09Z
85529771,https://github.com/ma-lijun/pystudy1,ma-lijun,2017-03-20T03:03:38Z
85529817,https://github.com/godleon/learning_python,godleon,2017-03-20T03:04:14Z
85531083,https://github.com/elvis2e3/metodos_simulacion_python,elvis2e3,2017-03-20T03:20:59Z
85532669,https://github.com/HindiSemanticSearchEngine/Interface,HindiSemanticSearchEngine,2017-03-20T03:42:57Z
85531781,https://github.com/xin7c/selenium,xin7c,2017-03-20T03:30:59Z
85530981,https://github.com/luke-shepherd/whats_cooking,luke-shepherd,2017-03-20T03:19:12Z
85531048,https://github.com/inoccu/tensorflow_example,inoccu,2017-03-20T03:20:13Z
85530405,https://github.com/stereoboy/object_detection,stereoboy,2017-03-20T03:12:01Z
85530575,https://github.com/liggs6/HW6,liggs6,2017-03-20T03:14:05Z
85529526,https://github.com/maureenmclaughlin/blogzcomplete,maureenmclaughlin,2017-03-20T03:00:28Z
85530792,https://github.com/rhaque2/spotify_app,rhaque2,2017-03-20T03:16:43Z
85533675,https://github.com/lauraathena/experimental,lauraathena,2017-03-20T03:57:15Z
85532285,https://github.com/Pzwxy/message_board,Pzwxy,2017-03-20T03:37:43Z
85530839,https://github.com/dominhtri1995/Financial-Data-Stream,dominhtri1995,2017-03-20T03:17:16Z
85531865,https://github.com/jclaeson/udacity-python-intro,jclaeson,2017-03-20T03:32:01Z
85533321,https://github.com/jtburkiett/fortune-cookie,jtburkiett,2017-03-20T03:52:27Z
85533515,https://github.com/wildanimal/spider_tieba,wildanimal,2017-03-20T03:55:09Z
85532890,https://github.com/paulfarrell/AFP_disclosure_log,paulfarrell,2017-03-20T03:46:03Z
85529853,https://github.com/eggachecat/fepy,eggachecat,2017-03-20T03:04:41Z
85532590,https://github.com/oxhacks/giantanswers,oxhacks,2017-03-20T03:41:53Z
85531145,https://github.com/Paul781/tensorflow,Paul781,2017-03-20T03:22:07Z
85530655,https://github.com/realbadbytes/ctf_dump,realbadbytes,2017-03-20T03:15:04Z
85531192,https://github.com/indiquant/tensorforest,indiquant,2017-03-20T03:23:05Z
85533833,https://github.com/jarmg/ROS-interpreter,jarmg,2017-03-20T03:59:54Z
85530603,https://github.com/lxy-kyb/Train_System,lxy-kyb,2017-03-20T03:14:23Z
85532022,https://github.com/klone1127/mysite,klone1127,2017-03-20T03:34:07Z
85530065,https://github.com/Zac-HD/monad,Zac-HD,2017-03-20T03:07:26Z
85529642,https://github.com/ivan789/webcrawler,ivan789,2017-03-20T03:01:43Z
85529769,https://github.com/foiferme/practice,foiferme,2017-03-20T03:03:38Z
85529934,https://github.com/KayFelicities/TtynetServer,KayFelicities,2017-03-20T03:05:45Z
85530974,https://github.com/HQuang/Odoo,HQuang,2017-03-20T03:19:09Z
85532957,https://github.com/akshayt80/eel_6935_assignment_2,akshayt80,2017-03-20T03:47:09Z
85532891,https://github.com/siyanli6315/ExerciseMapReduce,siyanli6315,2017-03-20T03:46:03Z
85531701,https://github.com/ColorCloud/common-utils,ColorCloud,2017-03-20T03:29:49Z
85532447,https://github.com/wahjtran/Pandemic-board-game,wahjtran,2017-03-20T03:39:59Z
85529586,https://github.com/cypsh1/AI,cypsh1,2017-03-20T03:01:08Z
85531961,https://github.com/weizy1981/FirstDemo,weizy1981,2017-03-20T03:33:24Z
85531297,https://github.com/dalianzhu/loser_tree,dalianzhu,2017-03-20T03:24:41Z
85530555,https://github.com/kchellappan/pyambisonic,kchellappan,2017-03-20T03:13:44Z
85533791,https://github.com/xiaozhuaisnow/first_pro,xiaozhuaisnow,2017-03-20T03:59:15Z
85529929,https://github.com/shafaypro/PY_Youtube,shafaypro,2017-03-20T03:05:37Z
85532655,https://github.com/jdpenuliar/arraytodictionaries,jdpenuliar,2017-03-20T03:42:45Z
85533680,https://github.com/maasa22/twitter-bot,maasa22,2017-03-20T03:57:21Z
85530568,https://github.com/azaleax/tictactoe,azaleax,2017-03-20T03:13:55Z
85530132,https://github.com/horae1849/chapter7,horae1849,2017-03-20T03:08:23Z
85532347,https://github.com/KatJHuang/k-Means-A3,KatJHuang,2017-03-20T03:38:36Z
85532967,https://github.com/brendonatkinson/really_interesting_projectv2,brendonatkinson,2017-03-20T03:47:20Z
85530866,https://github.com/keshavmittal/Decision-Tree-Algorithm-Implementation,keshavmittal,2017-03-20T03:17:43Z
85531395,https://github.com/honoriovega/CST205-Project3,honoriovega,2017-03-20T03:25:57Z
85532898,https://github.com/Murali91/NetworkProgramming---Python,Murali91,2017-03-20T03:46:08Z
85533271,https://github.com/purelind/learngit,purelind,2017-03-20T03:51:48Z
85530590,https://github.com/HouGuangyuan/bamClass,HouGuangyuan,2017-03-20T03:14:12Z