85377467,https://github.com/saethlin/Tipsy,saethlin,2017-03-18T05:12:37Z
85378788,https://github.com/Zing22/GuessNumBot,Zing22,2017-03-18T05:44:51Z
85377135,https://github.com/STFinancial/Guitar,STFinancial,2017-03-18T05:04:51Z
85378418,https://github.com/KAndQ/pytoys,KAndQ,2017-03-18T05:36:29Z
85378707,https://github.com/kshitij1234/MyPythonScripts,kshitij1234,2017-03-18T05:42:54Z
85377283,https://github.com/ferdavid1/ChartTopper,ferdavid1,2017-03-18T05:08:29Z
85378855,https://github.com/hahaveryfun/Normie-Hockey-League-Standings,hahaveryfun,2017-03-18T05:46:18Z
85378956,https://github.com/fvox13/python-webadvisor,fvox13,2017-03-18T05:48:47Z
85377360,https://github.com/perdixsw/python-pictometry,perdixsw,2017-03-18T05:10:01Z
85377456,https://github.com/angelovila/CarND-P3-behavioral-cloning,angelovila,2017-03-18T05:12:16Z
85378010,https://github.com/chesterhyang/Django_Web,chesterhyang,2017-03-18T05:26:16Z
85378136,https://github.com/madhawav/CEP-Python-Wraps,madhawav,2017-03-18T05:29:30Z
85378941,https://github.com/pradyun/CSE2003-Project,pradyun,2017-03-18T05:48:29Z
85379008,https://github.com/AyushLalShrestha/PythonBasics,AyushLalShrestha,2017-03-18T05:49:53Z
85378293,https://github.com/janenevins/beachbot,janenevins,2017-03-18T05:33:37Z
85378405,https://github.com/mjptak/labelpnts,mjptak,2017-03-18T05:36:12Z
85378556,https://github.com/esdrasbrz/ps2017_vision_challenge,esdrasbrz,2017-03-18T05:39:58Z
85376988,https://github.com/8aqtba9y/stduy-python-Movie-Website,8aqtba9y,2017-03-18T05:00:46Z
85377923,https://github.com/WuYiP/todo,WuYiP,2017-03-18T05:24:13Z
85378534,https://github.com/jonocarnie/mydjango,jonocarnie,2017-03-18T05:39:38Z
85378479,https://github.com/parthpatekar/Live-webcam-feed-distortion,parthpatekar,2017-03-18T05:37:59Z
85377316,https://github.com/albertsundjaja/behavioural_cloning,albertsundjaja,2017-03-18T05:09:12Z
85377691,https://github.com/titizianzaven/Python,titizianzaven,2017-03-18T05:18:16Z
85377579,https://github.com/Suckzoo/CS570,Suckzoo,2017-03-18T05:15:32Z
85378218,https://github.com/atomar94/Rocket-Server,atomar94,2017-03-18T05:31:29Z
85377744,https://github.com/Kyle-Brooks/printSig,Kyle-Brooks,2017-03-18T05:19:31Z
85378475,https://github.com/russellrosario/python-playground,russellrosario,2017-03-18T05:37:54Z
85377200,https://github.com/clowngunda/scrapy-for-gakki,clowngunda,2017-03-18T05:06:26Z
85379438,https://github.com/Jxb814/Homework,Jxb814,2017-03-18T05:59:25Z
85378224,https://github.com/maofeichen/Coursera-Princeton-Algorithms,maofeichen,2017-03-18T05:31:39Z
85377902,https://github.com/enuguris/stock-analysis,enuguris,2017-03-18T05:23:42Z
85378772,https://github.com/Aishm149/OkayFinal,Aishm149,2017-03-18T05:44:30Z
85378001,https://github.com/liyupi/self-python-tools,liyupi,2017-03-18T05:26:03Z
85378310,https://github.com/8cbx/OnlineJudge_Web,8cbx,2017-03-18T05:34:05Z
85377322,https://github.com/nikolas-x/CaesarCipher,nikolas-x,2017-03-18T05:09:16Z
85379116,https://github.com/ElsaRong/Utility-Scripts,ElsaRong,2017-03-18T05:53:10Z
85378846,https://github.com/realslimshanky/termuxpython,realslimshanky,2017-03-18T05:46:10Z
85378006,https://github.com/bamill/ikimashou,bamill,2017-03-18T05:26:10Z
85378187,https://github.com/AlexMtz/Aprende-Ecuaciones-API,AlexMtz,2017-03-18T05:30:46Z
85379074,https://github.com/ipnuds/img-video-transfer,ipnuds,2017-03-18T05:51:58Z
85378925,https://github.com/octolittlefish/python,octolittlefish,2017-03-18T05:48:05Z
85379126,https://github.com/ywl0911/useful_operation,ywl0911,2017-03-18T05:53:18Z
85377388,https://github.com/caspell/cvdnn,caspell,2017-03-18T05:10:42Z
85378745,https://github.com/durantkm/HW6,durantkm,2017-03-18T05:43:50Z
85378938,https://github.com/mikeev261/TensorFlow,mikeev261,2017-03-18T05:48:25Z
85379226,https://github.com/mchablani/CarND-Transfer-Learning-Lab,mchablani,2017-03-18T05:55:03Z
85377914,https://github.com/TiltedSlinky/SiteMonitor,TiltedSlinky,2017-03-18T05:24:00Z
85377855,https://github.com/LeeJaeWonLJW/Python-Script-Project,LeeJaeWonLJW,2017-03-18T05:22:23Z
85379227,https://github.com/parthpatekar/Sepia-effect-to-live-webcam-recording,parthpatekar,2017-03-18T05:55:03Z
85377095,https://github.com/DalinRiches/Assignment-2-275,DalinRiches,2017-03-18T05:03:51Z