6101459,https://github.com/mhausenblas/ld-in-couch,mhausenblas,2012-10-06T09:29:30Z
6101443,https://github.com/klpdotorg/bbmp-elections,klpdotorg,2012-10-06T09:26:43Z
6101299,https://github.com/JoneWang/Celery-Doc-Chinese,JoneWang,2012-10-06T09:07:55Z