127868071,https://github.com/neoighodaro-articles/trello-clone-vue-laravel,neoighodaro-articles,2018-04-03T07:23:49Z
127870121,https://github.com/ArtPavluk/mod_art_products,ArtPavluk,2018-04-03T07:40:32Z
127869168,https://github.com/heimrichhannot/contao-youtube-bundle,heimrichhannot,2018-04-03T07:32:40Z
127867280,https://github.com/AxaliaN/toggl-jira,AxaliaN,2018-04-03T07:18:05Z
127865882,https://github.com/Simperfit/workflow-demo-sflive-paris-2018,Simperfit,2018-04-03T07:06:23Z
127867017,https://github.com/laoli-php/php01,laoli-php,2018-04-03T07:15:54Z
127868895,https://github.com/suruibuas/phpcan-client,suruibuas,2018-04-03T07:30:35Z
127871331,https://github.com/ekadewi/tugas-besar,ekadewi,2018-04-03T07:50:54Z
127868698,https://github.com/phuongdm1987/dltl,phuongdm1987,2018-04-03T07:28:59Z
127867288,https://github.com/sivagopi249/firstproject,sivagopi249,2018-04-03T07:18:10Z
127866603,https://github.com/antikiler/hw44,antikiler,2018-04-03T07:12:34Z
127870659,https://github.com/sonnyshih/ComposerTest,sonnyshih,2018-04-03T07:45:20Z
127870770,https://github.com/SgyaLL/PTUT,SgyaLL,2018-04-03T07:46:20Z
127870777,https://github.com/amaludinrizqi/uts,amaludinrizqi,2018-04-03T07:46:23Z
127870369,https://github.com/xinzhiyun/GatewayWorker,xinzhiyun,2018-04-03T07:42:51Z
127865261,https://github.com/gvsvinayak/testrepo,gvsvinayak,2018-04-03T07:01:14Z
127868797,https://github.com/drivezy/laravel-utility,drivezy,2018-04-03T07:29:49Z
127871664,https://github.com/rafamuhammad17/crud,rafamuhammad17,2018-04-03T07:53:46Z
127867677,https://github.com/SindriaInc/pwman,SindriaInc,2018-04-03T07:21:20Z
127868934,https://github.com/songwit623d/suncode2,songwit623d,2018-04-03T07:30:51Z
127869929,https://github.com/nicelulu/test-table,nicelulu,2018-04-03T07:38:57Z
127868300,https://github.com/LarsSmid/webshop,LarsSmid,2018-04-03T07:25:42Z
127865871,https://github.com/TanyaRomanova/php,TanyaRomanova,2018-04-03T07:06:19Z
127869520,https://github.com/Printi/cimpress,Printi,2018-04-03T07:35:44Z
127870398,https://github.com/ZeAzAr/Ze_FrameWorK,ZeAzAr,2018-04-03T07:43:05Z
127867383,https://github.com/jeallysa/Final-System,jeallysa,2018-04-03T07:18:55Z
127867536,https://github.com/storm-ghost/Sistema,storm-ghost,2018-04-03T07:20:04Z
127870835,https://github.com/tutenghaojiao/frame,tutenghaojiao,2018-04-03T07:46:44Z
127869964,https://github.com/PawellM86/searchByDB,PawellM86,2018-04-03T07:39:14Z
127867091,https://github.com/vshaddix/rally-api-scripts,vshaddix,2018-04-03T07:16:30Z
127870033,https://github.com/starstarman/hko_admin,starstarman,2018-04-03T07:39:54Z
127870797,https://github.com/RadekVala/TWWW-laravel-autobazar2,RadekVala,2018-04-03T07:46:30Z
127870185,https://github.com/gprok-esc-courses/todo,gprok-esc-courses,2018-04-03T07:41:08Z
127866664,https://github.com/BrightStonebody/zhi_neng_jia_ju,BrightStonebody,2018-04-03T07:13:05Z
127870115,https://github.com/anurag3386/cakemultilangauge,anurag3386,2018-04-03T07:40:30Z
127869702,https://github.com/YamShadow/CryptoAPI,YamShadow,2018-04-03T07:37:11Z
127870291,https://github.com/fa-nobukiyo/20180402_test,fa-nobukiyo,2018-04-03T07:42:02Z
127870396,https://github.com/espilioto/mahShekels-api,espilioto,2018-04-03T07:43:04Z
127869354,https://github.com/dimasarifmulyawan/webprog1-uts,dimasarifmulyawan,2018-04-03T07:34:22Z
127869357,https://github.com/marcelomaias/area106,marcelomaias,2018-04-03T07:34:25Z
127871485,https://github.com/jauhmerah/playground,jauhmerah,2018-04-03T07:52:20Z
127871049,https://github.com/makrandp/Laravel-Lumen-REST-API,makrandp,2018-04-03T07:48:33Z
127871058,https://github.com/site4y/assets,site4y,2018-04-03T07:48:38Z
127871905,https://github.com/AisteUrbonaite/git_namudarbas,AisteUrbonaite,2018-04-03T07:55:49Z
127868150,https://github.com/adinaluiza/discounts,adinaluiza,2018-04-03T07:24:38Z
127866402,https://github.com/DKazakov/mem-docker,DKazakov,2018-04-03T07:10:38Z
127869533,https://github.com/Ankurraj1818/php,Ankurraj1818,2018-04-03T07:35:51Z
127870649,https://github.com/Nifelheim4/chatroom,Nifelheim4,2018-04-03T07:45:14Z
127871665,https://github.com/dev579/auto-insurance-dynamic-form-with-ajax,dev579,2018-04-03T07:53:46Z
127872385,https://github.com/FrankieDickinson/PureJavaScriptAjax,FrankieDickinson,2018-04-03T07:59:31Z
127866805,https://github.com/MarlenaFlueh/php-blog,MarlenaFlueh,2018-04-03T07:14:12Z
127871844,https://github.com/kadiytoure/project1_laravel,kadiytoure,2018-04-03T07:55:18Z
127872267,https://github.com/kingberly/xpress,kingberly,2018-04-03T07:58:35Z
127866382,https://github.com/MaRanchon/projet_pronostiques,MaRanchon,2018-04-03T07:10:29Z
127866409,https://github.com/SimonDamminga/ao-webshop,SimonDamminga,2018-04-03T07:10:47Z
127870118,https://github.com/jeremiahC/prayer-kanban,jeremiahC,2018-04-03T07:40:32Z
127871818,https://github.com/rafiananda/qiranispa,rafiananda,2018-04-03T07:55:04Z
127869653,https://github.com/Liepinsh/rcs_web_laravel,Liepinsh,2018-04-03T07:36:44Z
127868558,https://github.com/wdyj517506/Markeboke,wdyj517506,2018-04-03T07:27:50Z
127872082,https://github.com/ronavvijay/testtinerp,ronavvijay,2018-04-03T07:57:14Z
127868259,https://github.com/the-kbA-team/legacy-mpdf,the-kbA-team,2018-04-03T07:25:27Z
127865977,https://github.com/ifirmawan/laravel-starter-crud,ifirmawan,2018-04-03T07:07:06Z
127865981,https://github.com/wwjay004/sample,wwjay004,2018-04-03T07:07:08Z
127872153,https://github.com/Cacanovic/SimpleToDoApp,Cacanovic,2018-04-03T07:57:46Z
127868943,https://github.com/MamasKatob/UTS_,MamasKatob,2018-04-03T07:30:52Z
127871496,https://github.com/parth124578/Pdo_Crud,parth124578,2018-04-03T07:52:25Z
127870040,https://github.com/KRIVIERE/CoVoisinV2-Back,KRIVIERE,2018-04-03T07:39:58Z
127871960,https://github.com/Peter66666/maturitni_prace,Peter66666,2018-04-03T07:56:16Z
127870612,https://github.com/OliQuentDigital/Laure,OliQuentDigital,2018-04-03T07:44:52Z
127872107,https://github.com/muhammadsyaefudin/uts-webprog1,muhammadsyaefudin,2018-04-03T07:57:25Z
127866205,https://github.com/DenysHnatiuk/oilwp,DenysHnatiuk,2018-04-03T07:09:08Z
127867889,https://github.com/mattpatterson94/mp-forms,mattpatterson94,2018-04-03T07:22:45Z
127868049,https://github.com/Jarkkohei/larabiz,Jarkkohei,2018-04-03T07:23:40Z
127871514,https://github.com/john0714/KimuPracticeCode,john0714,2018-04-03T07:52:31Z