896208,https://github.com/mattrude/mdr-network,mattrude,2010-09-08T14:00:36Z