383252272,https://github.com/rymay191/rapyd-hackathon,rymay191,2021-07-05T20:03:14Z
383258068,https://github.com/miguelgilmartinez/patients,miguelgilmartinez,2021-07-05T20:32:20Z
383253306,https://github.com/KolymaNET/Tinyboard-Addons,KolymaNET,2021-07-05T20:08:07Z
383263102,https://github.com/blastream/blastream-php-sdk,blastream,2021-07-05T20:59:36Z
383257601,https://github.com/DThoendel6/phpClickAdventure,DThoendel6,2021-07-05T20:29:50Z
383260855,https://github.com/frisbee-ua/drupal,frisbee-ua,2021-07-05T20:47:05Z
383255776,https://github.com/metalhead0710/static-site,metalhead0710,2021-07-05T20:20:26Z
383258414,https://github.com/hayder-96/laravelClothes,hayder-96,2021-07-05T20:34:05Z
383258541,https://github.com/lautarocantero/Proyecto-Delicius,lautarocantero,2021-07-05T20:34:50Z
383260491,https://github.com/RickyTr99/HW2,RickyTr99,2021-07-05T20:45:10Z
383261697,https://github.com/mrtarikunal/phpunit,mrtarikunal,2021-07-05T20:51:43Z
383261585,https://github.com/Shutt90/php-foundation,Shutt90,2021-07-05T20:51:07Z
383259287,https://github.com/hayder-96/apiLaravel,hayder-96,2021-07-05T20:38:40Z
383260728,https://github.com/frisbee-ua/cscart,frisbee-ua,2021-07-05T20:46:23Z
383256166,https://github.com/ManasPhanse/Marklist_SQL_HTML,ManasPhanse,2021-07-05T20:22:26Z
383256636,https://github.com/EmmyRonald/Week1Task,EmmyRonald,2021-07-05T20:24:40Z
383254451,https://github.com/KHADIJALAHMAR/laravel_gestion_stock,KHADIJALAHMAR,2021-07-05T20:13:33Z
383260551,https://github.com/Allyogi84/the-Legal-Connection-site,Allyogi84,2021-07-05T20:45:29Z
383262121,https://github.com/frisbee-ua/okaycms,frisbee-ua,2021-07-05T20:54:19Z
383259408,https://github.com/joshzwrd/POE-CDI,joshzwrd,2021-07-05T20:39:20Z
383260658,https://github.com/kueyar95/sitio_memes,kueyar95,2021-07-05T20:46:02Z
383254606,https://github.com/aleksanovevski/eStudent-master,aleksanovevski,2021-07-05T20:14:24Z
383255650,https://github.com/frisbee-ua/WHMCS,frisbee-ua,2021-07-05T20:19:45Z
383258167,https://github.com/henisu/wp,henisu,2021-07-05T20:32:47Z
383261105,https://github.com/GGAYIFRANKY/livewire_test,GGAYIFRANKY,2021-07-05T20:48:32Z
383262507,https://github.com/frisbee-ua/thelia,frisbee-ua,2021-07-05T20:56:23Z
383262618,https://github.com/frisbee-ua/virtuemart,frisbee-ua,2021-07-05T20:57:02Z
383262249,https://github.com/frisbee-ua/php-sdk-v2,frisbee-ua,2021-07-05T20:55:01Z
383261767,https://github.com/frisbee-ua/magento2,frisbee-ua,2021-07-05T20:52:07Z
383261943,https://github.com/frisbee-ua/modx,frisbee-ua,2021-07-05T20:53:15Z
383261995,https://github.com/frisbee-ua/moguta-cms,frisbee-ua,2021-07-05T20:53:33Z
383263150,https://github.com/dandevuk/laravel-dev,dandevuk,2021-07-05T20:59:53Z
383257451,https://github.com/dorry00/Laravel-todo,dorry00,2021-07-05T20:28:59Z
383257249,https://github.com/luccluna/myprojects,luccluna,2021-07-05T20:28:00Z
383260617,https://github.com/Rendy-Yusuf-Prasetyo/FLOWER-SHOP,Rendy-Yusuf-Prasetyo,2021-07-05T20:45:49Z
383251931,https://github.com/andre-alves-mesquita/siteRadnet,andre-alves-mesquita,2021-07-05T20:01:54Z
383260724,https://github.com/silverstripeltd/silverstripe-csp,silverstripeltd,2021-07-05T20:46:22Z
383254733,https://github.com/cos91/animal-api,cos91,2021-07-05T20:14:58Z
383257679,https://github.com/erwinn/badminton-match-planner,erwinn,2021-07-05T20:30:11Z
383257867,https://github.com/firesucka/wordpresspractice.github.io,firesucka,2021-07-05T20:31:05Z
383259878,https://github.com/souravkairy/assignment_blog_api,souravkairy,2021-07-05T20:41:49Z
383262092,https://github.com/MarceloOProgramador/pagamentos,MarceloOProgramador,2021-07-05T20:54:07Z
383255412,https://github.com/nataliavarela24/proyectoTest,nataliavarela24,2021-07-05T20:18:35Z
383262586,https://github.com/frisbee-ua/vamshop2,frisbee-ua,2021-07-05T20:56:51Z
383259781,https://github.com/ianjoseph2204/RebuildingProject-new,ianjoseph2204,2021-07-05T20:41:20Z
383262958,https://github.com/manish532/upload-pic-and-show-on-webpage,manish532,2021-07-05T20:58:48Z
383262658,https://github.com/frisbee-ua/webasyst,frisbee-ua,2021-07-05T20:57:12Z
383260477,https://github.com/mrtarikunal/laravel-restful-api,mrtarikunal,2021-07-05T20:45:06Z
383261222,https://github.com/hayder-96/Hotel,hayder-96,2021-07-05T20:49:07Z
383262032,https://github.com/frisbee-ua/netcat,frisbee-ua,2021-07-05T20:53:43Z
383262147,https://github.com/frisbee-ua/opencart-all-versions,frisbee-ua,2021-07-05T20:54:30Z
383254222,https://github.com/blackfoxgdl/restaurant_api,blackfoxgdl,2021-07-05T20:12:26Z
383261968,https://github.com/loonaticx/sounddumper,loonaticx,2021-07-05T20:53:23Z
383258199,https://github.com/jlelis/my-fotos,jlelis,2021-07-05T20:33:01Z
383258720,https://github.com/sghernandez/apirest,sghernandez,2021-07-05T20:35:39Z
383262117,https://github.com/hayder-96/MyApi,hayder-96,2021-07-05T20:54:18Z
383262206,https://github.com/frisbee-ua/osCommerce,frisbee-ua,2021-07-05T20:54:50Z
383259201,https://github.com/MahmoudElhadary199/chess-borad-php,MahmoudElhadary199,2021-07-05T20:38:15Z
383256019,https://github.com/ManarMajeed1/first-task,ManarMajeed1,2021-07-05T20:21:38Z
383255250,https://github.com/naik3x/todoapp,naik3x,2021-07-05T20:17:42Z
383259859,https://github.com/loonaticx/imagedumper,loonaticx,2021-07-05T20:41:42Z
383252633,https://github.com/AhmedElatreby/wordpress-plugin,AhmedElatreby,2021-07-05T20:04:55Z
383262535,https://github.com/frisbee-ua/thelia1.5,frisbee-ua,2021-07-05T20:56:32Z
383262730,https://github.com/frisbee-ua/zen_cart,frisbee-ua,2021-07-05T20:57:36Z
383259576,https://github.com/bopaliou/SetalmaSamaCarte,bopaliou,2021-07-05T20:40:13Z
383262860,https://github.com/CarterTMDev/PHP-Login-System,CarterTMDev,2021-07-05T20:58:15Z
383261580,https://github.com/crybto/NTI-Group4-PHP-task2,crybto,2021-07-05T20:51:05Z
383262485,https://github.com/frisbee-ua/simplacms,frisbee-ua,2021-07-05T20:56:13Z
383262491,https://github.com/hayder-96/mylaravel,hayder-96,2021-07-05T20:56:15Z
383256479,https://github.com/lefelaR/cms,lefelaR,2021-07-05T20:23:51Z
383258314,https://github.com/sdmilineam/projet_healthcall-22h33-05-07,sdmilineam,2021-07-05T20:33:32Z
383262048,https://github.com/chaimchaikin/AdminMenuGroups,chaimchaikin,2021-07-05T20:53:51Z
383260608,https://github.com/frisbee-ua/bitrix,frisbee-ua,2021-07-05T20:45:46Z
383260938,https://github.com/asim-hash/email-task,asim-hash,2021-07-05T20:47:33Z
383254978,https://github.com/ArafaAbRahim/CodingTest,ArafaAbRahim,2021-07-05T20:16:14Z
383258538,https://github.com/hatemsouki/apptested,hatemsouki,2021-07-05T20:34:49Z
383259064,https://github.com/elmorhit-abderrahmane/ecommerce,elmorhit-abderrahmane,2021-07-05T20:37:26Z
383262382,https://github.com/frisbee-ua/prestashop,frisbee-ua,2021-07-05T20:55:39Z
383262179,https://github.com/frisbee-ua/opencart-v3,frisbee-ua,2021-07-05T20:54:41Z
383252854,https://github.com/kauederp/exercicios-php-oop,kauederp,2021-07-05T20:05:55Z
383255395,https://github.com/DhyonKeyllon/twitter-clone,DhyonKeyllon,2021-07-05T20:18:30Z
383255559,https://github.com/sauloalexandre/frete,sauloalexandre,2021-07-05T20:19:20Z
383256228,https://github.com/chervinski/mystat,chervinski,2021-07-05T20:22:47Z
383261871,https://github.com/frisbee-ua/melbis,frisbee-ua,2021-07-05T20:52:53Z
383254597,https://github.com/randiapriliyadiR/PHP-googleLoginApi,randiapriliyadiR,2021-07-05T20:14:21Z
383255716,https://github.com/gasparyanm/larave-vue-auth-feedback-form,gasparyanm,2021-07-05T20:20:08Z
383255773,https://github.com/Mohamedkhalil1/dashboard-template,Mohamedkhalil1,2021-07-05T20:20:25Z
383252992,https://github.com/TheLeanPlug/sql-excel,TheLeanPlug,2021-07-05T20:06:36Z
383259911,https://github.com/hayder-96/hello_laravel_heroku,hayder-96,2021-07-05T20:41:59Z
383260653,https://github.com/ThiagoMinguim/chazy-k-store,ThiagoMinguim,2021-07-05T20:46:00Z
383260950,https://github.com/frisbee-ua/magento,frisbee-ua,2021-07-05T20:47:39Z
383262683,https://github.com/frisbee-ua/wordpress,frisbee-ua,2021-07-05T20:57:20Z
383252903,https://github.com/git-mrshubham/demoapp,git-mrshubham,2021-07-05T20:06:12Z
383254743,https://github.com/chuksdsilent/Radaar,chuksdsilent,2021-07-05T20:15:00Z
383261357,https://github.com/Jasith007/Jasith007,Jasith007,2021-07-05T20:49:54Z
383258362,https://github.com/fabianvcpz/25watt,fabianvcpz,2021-07-05T20:33:47Z
383258411,https://github.com/BartyRP/chikibamm,BartyRP,2021-07-05T20:34:03Z
383260566,https://github.com/natalianascimento/site-barbearia,natalianascimento,2021-07-05T20:45:32Z
383251605,https://github.com/vb05010/refcs,vb05010,2021-07-05T20:00:14Z
383262285,https://github.com/frisbee-ua/phpshop,frisbee-ua,2021-07-05T20:55:09Z
383262285,https://github.com/frisbee-ua/phpshop,frisbee-ua,2021-07-05T20:55:09Z
383261545,https://github.com/Erisoka/LaravelCrudPostsImagenesLivewireProyect02,Erisoka,2021-07-05T20:50:53Z
383251605,https://github.com/vb05010/refcs,vb05010,2021-07-05T20:00:14Z
383262562,https://github.com/frisbee-ua/umi,frisbee-ua,2021-07-05T20:56:43Z
383252411,https://github.com/vandsonfalcao/hdcevents,vandsonfalcao,2021-07-05T20:03:53Z
383260986,https://github.com/kundu04/ecommerce,kundu04,2021-07-05T20:47:51Z
383259191,https://github.com/BloonBot/wiki,BloonBot,2021-07-05T20:38:12Z