76795266,https://github.com/fhamborg/news-please,fhamborg,2016-12-18T17:00:02Z
76797509,https://github.com/brianjking/homeassistant-config,brianjking,2016-12-18T17:46:03Z
76797096,https://github.com/rngchan/sun-moon-rng,rngchan,2016-12-18T17:37:15Z
76797852,https://github.com/tobacco-mofs/tobacco_1.0,tobacco-mofs,2016-12-18T17:52:58Z
76796141,https://github.com/jmhale/dns-proxy,jmhale,2016-12-18T17:17:53Z
76797077,https://github.com/bmsauer/bigcgi,bmsauer,2016-12-18T17:37:01Z
76796534,https://github.com/jasonbronson/raspberrypi-serial,jasonbronson,2016-12-18T17:25:50Z
76796155,https://github.com/keunhong/rendkit,keunhong,2016-12-18T17:18:17Z
76795299,https://github.com/X-Pypeline/X-Pypeline,X-Pypeline,2016-12-18T17:00:46Z
76797094,https://github.com/HardikLGupta/Text-Analytics-and-Entity-Resolution-Using-Apache-Spark,HardikLGupta,2016-12-18T17:37:13Z
76795868,https://github.com/pablovin/CozmoDevelopmentProject,pablovin,2016-12-18T17:11:34Z
76795422,https://github.com/dimarudnev/TaklingData,dimarudnev,2016-12-18T17:03:26Z
76798142,https://github.com/Izaark/Administrador,Izaark,2016-12-18T17:59:29Z
76795270,https://github.com/zzaccaro/Digital-Forensics,zzaccaro,2016-12-18T17:00:06Z
76796472,https://github.com/autolog/Stella-Z_Controller,autolog,2016-12-18T17:24:42Z
76796250,https://github.com/ww3mm4/imagespider,ww3mm4,2016-12-18T17:20:03Z
76797114,https://github.com/sergiosegovia/django_api_rest,sergiosegovia,2016-12-18T17:37:31Z
76795806,https://github.com/Batlin/name-webhook,Batlin,2016-12-18T17:10:23Z
76796565,https://github.com/danielbryantuk/kubernetes-terraform-play,danielbryantuk,2016-12-18T17:26:19Z
76797739,https://github.com/manishkk/pcap-parser-old,manishkk,2016-12-18T17:50:31Z
76796827,https://github.com/Kaanthegmr/whatsfollow,Kaanthegmr,2016-12-18T17:31:50Z
76798165,https://github.com/ayyazakhtar/container_disk_monitor,ayyazakhtar,2016-12-18T17:59:53Z
76796618,https://github.com/ibserd/OverchanStats,ibserd,2016-12-18T17:27:16Z
76797515,https://github.com/drugotosto/CommunitiesGraph,drugotosto,2016-12-18T17:46:13Z
76797101,https://github.com/shawnwanderson/campfire-empire,shawnwanderson,2016-12-18T17:37:19Z
76798166,https://github.com/ntdymor/Creepr,ntdymor,2016-12-18T17:59:53Z
76796119,https://github.com/veLoc1ty47/Python,veLoc1ty47,2016-12-18T17:17:14Z
76796270,https://github.com/Factobot/TT2,Factobot,2016-12-18T17:20:26Z
76797396,https://github.com/samuelfekete/fantastic-photo-frame,samuelfekete,2016-12-18T17:43:59Z
76797040,https://github.com/unknown321/hatsdb,unknown321,2016-12-18T17:36:11Z
76795390,https://github.com/forteddyt/PythonProjects,forteddyt,2016-12-18T17:02:34Z
76797683,https://github.com/8451-CS-Club/flask-web-template,8451-CS-Club,2016-12-18T17:49:29Z
76797979,https://github.com/Jalkku/ML-camera-service,Jalkku,2016-12-18T17:55:53Z
76796019,https://github.com/rSterling319/toDoList4dad,rSterling319,2016-12-18T17:15:09Z
76796865,https://github.com/Crisis66/Reconnaissance-Vocale,Crisis66,2016-12-18T17:32:35Z
76795590,https://github.com/TheTugaOne/teme-oop,TheTugaOne,2016-12-18T17:06:39Z
76797752,https://github.com/themanwhosold/ripecheck,themanwhosold,2016-12-18T17:50:45Z
76797389,https://github.com/Jynnxx/my-first-blog,Jynnxx,2016-12-18T17:43:47Z
76797716,https://github.com/spacedlevo/Christmas-Cracker-Jokes,spacedlevo,2016-12-18T17:50:09Z
76795918,https://github.com/ccoerber/tempsensor,ccoerber,2016-12-18T17:12:38Z
76796487,https://github.com/jokem59/Overwatch-Sentiment,jokem59,2016-12-18T17:25:00Z
76796989,https://github.com/kreczko/lz_cli,kreczko,2016-12-18T17:35:01Z
76797012,https://github.com/tossh0095/pyxl2nwcfg,tossh0095,2016-12-18T17:35:30Z
76796154,https://github.com/orck10/Teste_Pygame,orck10,2016-12-18T17:18:10Z
76797597,https://github.com/NTavou/Python-Practice,NTavou,2016-12-18T17:47:57Z
76797242,https://github.com/tmk1363/sklearn-DecisionTree,tmk1363,2016-12-18T17:40:37Z
76797383,https://github.com/EReckase/flac2lossy,EReckase,2016-12-18T17:43:36Z
76796523,https://github.com/teeten/chip,teeten,2016-12-18T17:25:41Z
76795588,https://github.com/shlomihod/cerca,shlomihod,2016-12-18T17:06:37Z
76797954,https://github.com/egormin/PythonLearning,egormin,2016-12-18T17:55:14Z
76797457,https://github.com/alyssonbarros/alawebcursos,alyssonbarros,2016-12-18T17:44:57Z
76797503,https://github.com/shyamkrishna123/uptime-ui,shyamkrishna123,2016-12-18T17:45:57Z
76797308,https://github.com/odedlaz/scripts,odedlaz,2016-12-18T17:42:09Z
76797642,https://github.com/BrickKiln/uncareernotification,BrickKiln,2016-12-18T17:48:51Z
76797864,https://github.com/ashaffir/Python-Exersise,ashaffir,2016-12-18T17:53:11Z
76795463,https://github.com/voidnologo/kivy_explore,voidnologo,2016-12-18T17:04:18Z
76797621,https://github.com/StormPizza/Python_tutorial_game,StormPizza,2016-12-18T17:48:28Z
76797789,https://github.com/shyamkrishna123/uptime-newupdated,shyamkrishna123,2016-12-18T17:51:33Z
76797407,https://github.com/erubio0/internetarchive-miscellanea,erubio0,2016-12-18T17:44:08Z
76795723,https://github.com/jkufro/Fence,jkufro,2016-12-18T17:09:00Z
76797831,https://github.com/rgeare/CourseQuest,rgeare,2016-12-18T17:52:15Z
76796817,https://github.com/abansal4032/Email-Authenticator,abansal4032,2016-12-18T17:31:40Z
76797002,https://github.com/hejackson/tp-jumpstart,hejackson,2016-12-18T17:35:20Z
76795550,https://github.com/ONSdigital/eq-google-slides-to-schema,ONSdigital,2016-12-18T17:05:56Z