2360650,https://github.com/mkrautz/goar,mkrautz,2011-09-10T12:12:42Z