147091011,https://github.com/mrwilson/adr-viewer,mrwilson,2018-09-02T14:11:06Z
147092167,https://github.com/srQ-cpc/D-PSGD,srQ-cpc,2018-09-02T14:25:02Z
147093869,https://github.com/rjwojcicki/SimpleCompare,rjwojcicki,2018-09-02T14:45:41Z
147091771,https://github.com/jziakhan0/Artitifical-Intelligence-Sentiment-Analysis-on-Kashmir,jziakhan0,2018-09-02T14:20:13Z
147091258,https://github.com/wlhyl/dalurenpython,wlhyl,2018-09-02T14:13:42Z
147091458,https://github.com/wlhyl/taiyipython,wlhyl,2018-09-02T14:16:29Z
147094803,https://github.com/superman-wrdh/crawl_blog,superman-wrdh,2018-09-02T14:55:02Z
147093680,https://github.com/legobridge/basic-machine-learning,legobridge,2018-09-02T14:43:34Z
147092782,https://github.com/dreamnotover/crawler_example,dreamnotover,2018-09-02T14:32:13Z
147090336,https://github.com/Jawmo/VOEM,Jawmo,2018-09-02T14:02:07Z
147092523,https://github.com/DDJeri/ikev2_client-server,DDJeri,2018-09-02T14:29:13Z
147092720,https://github.com/simon-clematide/konvens-2018-german-absa,simon-clematide,2018-09-02T14:31:27Z
147091501,https://github.com/secobau/python,secobau,2018-09-02T14:17:01Z
147090294,https://github.com/jaisimhamanipatruni/K-Means-Clustering,jaisimhamanipatruni,2018-09-02T14:01:35Z
147093470,https://github.com/robert/tictactoe-ai,robert,2018-09-02T14:40:57Z
147092085,https://github.com/Wvvi/tap4fun_user_pay_analys,Wvvi,2018-09-02T14:24:09Z
147092914,https://github.com/ellis-ward/plant-pal,ellis-ward,2018-09-02T14:33:55Z
147092947,https://github.com/Whpitot/pigbrother,Whpitot,2018-09-02T14:34:22Z
147093561,https://github.com/sroberts687/computational_physics_hw,sroberts687,2018-09-02T14:42:04Z
147091759,https://github.com/ClaytonSibanda/spi_raspberry_pi,ClaytonSibanda,2018-09-02T14:20:04Z
147093833,https://github.com/scottypate/sand-cnn,scottypate,2018-09-02T14:45:17Z
147091810,https://github.com/NskB3/BDUSB,NskB3,2018-09-02T14:20:44Z
147090167,https://github.com/Locas-python/ape,Locas-python,2018-09-02T14:00:04Z
147091189,https://github.com/alphaWizard/movielens-reco-api,alphaWizard,2018-09-02T14:13:00Z
147090304,https://github.com/silvewheat/biotrans_cli,silvewheat,2018-09-02T14:01:43Z
147092795,https://github.com/pro4tlzz/Random-Number-Game-Python,pro4tlzz,2018-09-02T14:32:21Z
147093380,https://github.com/voidzhakul/anterior,voidzhakul,2018-09-02T14:39:45Z
147091099,https://github.com/Halolegend94/turni-biblioteca,Halolegend94,2018-09-02T14:12:08Z
147093931,https://github.com/rubelw/aws_role_creator,rubelw,2018-09-02T14:46:23Z
147093146,https://github.com/Anoopparjanya/Keras-Applications,Anoopparjanya,2018-09-02T14:36:42Z
147091600,https://github.com/varchar2012/flask-movie,varchar2012,2018-09-02T14:18:12Z
147093158,https://github.com/Romconstruct/txtgame,Romconstruct,2018-09-02T14:36:50Z
147091205,https://github.com/mfdeux/aiorss,mfdeux,2018-09-02T14:13:10Z
147092309,https://github.com/AllTrek/Dreamweaver-Quiz,AllTrek,2018-09-02T14:26:42Z
147092658,https://github.com/soma11soma11/placepulse2_lynch,soma11soma11,2018-09-02T14:30:49Z
147091319,https://github.com/BeetYeet/Snek,BeetYeet,2018-09-02T14:14:28Z
147093159,https://github.com/mepky/practice-problem,mepky,2018-09-02T14:36:50Z
147091069,https://github.com/MarkDekker/CarND-Vehicle-Detection,MarkDekker,2018-09-02T14:11:47Z
147094340,https://github.com/krishnan03/myacademy,krishnan03,2018-09-02T14:50:26Z
147090241,https://github.com/MarinaLabello/my-first-blog,MarinaLabello,2018-09-02T14:00:55Z
147090338,https://github.com/atomradio/CL18-19,atomradio,2018-09-02T14:02:08Z
147091493,https://github.com/HELLOTREE1/ForPKBigData,HELLOTREE1,2018-09-02T14:16:56Z
147091676,https://github.com/danwen96/DecisionTreesSearchAlgorithms,danwen96,2018-09-02T14:19:00Z
147093280,https://github.com/skumar911/RPi-Home-Automation,skumar911,2018-09-02T14:38:21Z
147091832,https://github.com/flubyy/my-first-blog,flubyy,2018-09-02T14:21:04Z
147090541,https://github.com/supernoobie9/ParaboleSelectionsPy3-master,supernoobie9,2018-09-02T14:04:54Z
147094663,https://github.com/hallazie/chinese_ocr_mxnet,hallazie,2018-09-02T14:53:35Z
147092570,https://github.com/shadowdevfr/raspberrypifr,shadowdevfr,2018-09-02T14:29:50Z
147090185,https://github.com/katieannedavis/WebReader,katieannedavis,2018-09-02T14:00:15Z
147092281,https://github.com/CynthiaWelinga/Two-Sum-Problem,CynthiaWelinga,2018-09-02T14:26:16Z
147094816,https://github.com/denmei/music-recommender,denmei,2018-09-02T14:55:09Z
147093648,https://github.com/FunkyGod/zhibo8,FunkyGod,2018-09-02T14:43:16Z
147094072,https://github.com/jazarie2/telegram-brain,jazarie2,2018-09-02T14:47:44Z
147090715,https://github.com/tomwalton78/Data-Structures-in-Python,tomwalton78,2018-09-02T14:07:11Z
147090844,https://github.com/Josef-Friedrich/ansible-module-userdetect,Josef-Friedrich,2018-09-02T14:08:58Z
147092301,https://github.com/CarlosGouveia/ReportTemperatureRasp,CarlosGouveia,2018-09-02T14:26:33Z
147094710,https://github.com/dixonalex/bike-chicago,dixonalex,2018-09-02T14:54:11Z
147092097,https://github.com/YutangShi/FinancialMining,YutangShi,2018-09-02T14:24:18Z
147093951,https://github.com/don1257919/testpractice,don1257919,2018-09-02T14:46:34Z
147092358,https://github.com/gautamabhishek46/IR_Assignment_1,gautamabhishek46,2018-09-02T14:27:12Z
147093032,https://github.com/aspanner/tensorpython,aspanner,2018-09-02T14:35:22Z
147093192,https://github.com/RJZ18/SP_YellowP_18,RJZ18,2018-09-02T14:37:18Z
147094653,https://github.com/humancontext/Grammar_Parser,humancontext,2018-09-02T14:53:29Z
147093670,https://github.com/ashru/DBMS-Lab,ashru,2018-09-02T14:43:30Z
147093072,https://github.com/Pontius1007/IT3105,Pontius1007,2018-09-02T14:35:45Z
147092066,https://github.com/zifn/legendre_plotting,zifn,2018-09-02T14:23:55Z
147090828,https://github.com/supernoobie9/ParaboleSelectionsPy3,supernoobie9,2018-09-02T14:08:46Z
147091345,https://github.com/SHconnection/SHconnection,SHconnection,2018-09-02T14:14:43Z
147095208,https://github.com/hyperbudget/failed-encryption-service,hyperbudget,2018-09-02T14:58:27Z
147094842,https://github.com/chenlal/ArticleSpider,chenlal,2018-09-02T14:55:22Z
147093565,https://github.com/itsmePatatus/Python-Pub-Quiz-Chatbot,itsmePatatus,2018-09-02T14:42:06Z
147092572,https://github.com/Nekhaenko/DL4NLP,Nekhaenko,2018-09-02T14:29:53Z
147093903,https://github.com/mybinaryworld/Local_Python_HTTPServer_Application,mybinaryworld,2018-09-02T14:46:01Z
147092931,https://github.com/skumar911/WhatsAppWebSpammer,skumar911,2018-09-02T14:34:10Z
147094676,https://github.com/michealjroberts/django-runsecureserver,michealjroberts,2018-09-02T14:53:43Z
147091173,https://github.com/tongnghi/VietNam-IoT,tongnghi,2018-09-02T14:12:51Z
147092129,https://github.com/demiurgo64/process_mining,demiurgo64,2018-09-02T14:24:43Z
147095210,https://github.com/NicolasCapon/scryfall_api,NicolasCapon,2018-09-02T14:58:29Z
147094735,https://github.com/srikantchiluka/my-first-blog,srikantchiluka,2018-09-02T14:54:22Z
147092600,https://github.com/brettelliot/financial-data-provider,brettelliot,2018-09-02T14:30:14Z
147091415,https://github.com/maoyuching/setBar,maoyuching,2018-09-02T14:15:39Z
147091355,https://github.com/umairansar/Handwriting-Recognition-of-numbers,umairansar,2018-09-02T14:14:54Z
147092889,https://github.com/oolofsson/decision-trees,oolofsson,2018-09-02T14:33:34Z
147094707,https://github.com/arsh771/assignment-12,arsh771,2018-09-02T14:54:07Z
147091834,https://github.com/CurryTang/pythonserver,CurryTang,2018-09-02T14:21:05Z
147093118,https://github.com/CarrieMichelle/my-first-blog,CarrieMichelle,2018-09-02T14:36:23Z
147092278,https://github.com/pishchalnikov/mocksi,pishchalnikov,2018-09-02T14:26:13Z
147093022,https://github.com/WangYunzhang/automating-aws-with-python,WangYunzhang,2018-09-02T14:35:15Z
147094808,https://github.com/conveen/hare,conveen,2018-09-02T14:55:04Z
147093723,https://github.com/sujit0892/Digit-classifier,sujit0892,2018-09-02T14:43:59Z
147091293,https://github.com/shashi4bs/NewsLabelApp-in-Flask,shashi4bs,2018-09-02T14:14:05Z
147092730,https://github.com/oromerob/spatial_distribution_tourist_perception,oromerob,2018-09-02T14:31:31Z
147090273,https://github.com/mrzcs/pygame,mrzcs,2018-09-02T14:01:16Z
147090365,https://github.com/arthurdias-trad/hiddenmessage,arthurdias-trad,2018-09-02T14:02:44Z
147091225,https://github.com/youngsoul/flask-rest-starter,youngsoul,2018-09-02T14:13:23Z
147091263,https://github.com/liaochao2011/formax_sublime,liaochao2011,2018-09-02T14:13:45Z
147091400,https://github.com/aprepo/social-test,aprepo,2018-09-02T14:15:27Z
147091504,https://github.com/dnl55/test_steck,dnl55,2018-09-02T14:17:07Z
147093344,https://github.com/morningsky/text-classification,morningsky,2018-09-02T14:39:20Z
147095138,https://github.com/cchoban/web,cchoban,2018-09-02T14:57:37Z
147094064,https://github.com/Arijons/VEF-2VF05CU,Arijons,2018-09-02T14:47:38Z
147091315,https://github.com/andyjihoon/interpy,andyjihoon,2018-09-02T14:14:25Z
147092124,https://github.com/mdercq/my_fitbit_dataManager,mdercq,2018-09-02T14:24:39Z
147091938,https://github.com/WForWatermelon/Sentiment-analysis,WForWatermelon,2018-09-02T14:22:22Z
147090361,https://github.com/MankaranSingh/Infinite-Scrambling,MankaranSingh,2018-09-02T14:02:41Z
147090484,https://github.com/Timurdov/Python3.Advanced,Timurdov,2018-09-02T14:04:14Z
147092562,https://github.com/carter3689/divvydose,carter3689,2018-09-02T14:29:44Z
147090543,https://github.com/Usman00Khan/TSECCodeCell,Usman00Khan,2018-09-02T14:04:59Z
147090275,https://github.com/geandersonlenz/ml_webapps,geandersonlenz,2018-09-02T14:01:17Z
147090438,https://github.com/Fasih1994/trying,Fasih1994,2018-09-02T14:03:42Z
147090720,https://github.com/TarekCG-s/Algorithmic-ToolBox,TarekCG-s,2018-09-02T14:07:17Z
147091221,https://github.com/mfdeux/dnz,mfdeux,2018-09-02T14:13:19Z
147092116,https://github.com/littlestarwu/git_practice,littlestarwu,2018-09-02T14:24:34Z
147090955,https://github.com/Changgang-Zheng/Face-Recognition,Changgang-Zheng,2018-09-02T14:10:25Z
147093755,https://github.com/rohitkbora/AV_ENIGMA,rohitkbora,2018-09-02T14:44:18Z
147093758,https://github.com/Nasiek/Machine_Learning,Nasiek,2018-09-02T14:44:19Z
147093868,https://github.com/arsh771/assignmnet-11,arsh771,2018-09-02T14:45:40Z
147092240,https://github.com/ShirleyQueen/web_server,ShirleyQueen,2018-09-02T14:25:46Z
147091954,https://github.com/Kitingu/restplus,Kitingu,2018-09-02T14:22:31Z
147092836,https://github.com/jacobdshimer/splunk-securityonion-app,jacobdshimer,2018-09-02T14:32:55Z
147092846,https://github.com/humancontext/HMM_POS_tagger,humancontext,2018-09-02T14:33:02Z
147094764,https://github.com/hamidysf/dronekit,hamidysf,2018-09-02T14:54:40Z
147093632,https://github.com/johnny-beta/study-python,johnny-beta,2018-09-02T14:43:00Z
147093331,https://github.com/Kaggle-MechB/AirbusShipDetection-MaskRCNN,Kaggle-MechB,2018-09-02T14:39:10Z
147090392,https://github.com/LTRavenwood/RPG,LTRavenwood,2018-09-02T14:03:07Z
147093421,https://github.com/tangr/sa-pyscripts,tangr,2018-09-02T14:40:17Z
147090975,https://github.com/whoafridi/Django-basic-blog,whoafridi,2018-09-02T14:10:44Z
147093296,https://github.com/lilinaianping/Python-crawler,lilinaianping,2018-09-02T14:38:41Z
147092271,https://github.com/Yohennas/Prac4,Yohennas,2018-09-02T14:26:10Z
147091593,https://github.com/MarkAquino17/C1_Group01_Project,MarkAquino17,2018-09-02T14:18:06Z
147091775,https://github.com/nicho810/InteracticeCamera,nicho810,2018-09-02T14:20:15Z
147091999,https://github.com/caveywoolpert/custom_prometheus_exporter,caveywoolpert,2018-09-02T14:23:01Z
147092517,https://github.com/01mokuba/maff_scrapy,01mokuba,2018-09-02T14:29:11Z
147093528,https://github.com/forths/aboutitchat,forths,2018-09-02T14:41:41Z
147093529,https://github.com/Locas-python/jd_pc_coupon,Locas-python,2018-09-02T14:41:41Z
147095111,https://github.com/chicory-gyj/bitcoin,chicory-gyj,2018-09-02T14:57:21Z
147092963,https://github.com/dhakegaurang/Exploring-Bikeshare-Data,dhakegaurang,2018-09-02T14:34:36Z
147091013,https://github.com/pteric/Blog-Django,pteric,2018-09-02T14:11:07Z
147090402,https://github.com/dipodaimary/PyGameProjects,dipodaimary,2018-09-02T14:03:15Z
147092729,https://github.com/lhfaguiar/hacka-yellow,lhfaguiar,2018-09-02T14:31:31Z
147090664,https://github.com/Keith3895/LicensePlateRecognition,Keith3895,2018-09-02T14:06:23Z
147092896,https://github.com/Ester1970/my-first-blog,Ester1970,2018-09-02T14:33:39Z