36716182,https://github.com/gergo85/oc-news,gergo85,2015-06-02T07:33:19Z
36715713,https://github.com/argb/yunpian-sms,argb,2015-06-02T07:24:21Z
36715110,https://github.com/terminal42/contao-facebook-albums,terminal42,2015-06-02T07:13:31Z
36715744,https://github.com/cascax/CSU-Information,cascax,2015-06-02T07:25:04Z
36716243,https://github.com/linkorb/skeleton,linkorb,2015-06-02T07:34:25Z
36716950,https://github.com/bleistivt/registrationmessage,bleistivt,2015-06-02T07:48:07Z
36717512,https://github.com/CIRevolution/cli,CIRevolution,2015-06-02T07:58:14Z
36716510,https://github.com/pionl/METno,pionl,2015-06-02T07:39:43Z
36716151,https://github.com/meshcollider/Crypto-Website,meshcollider,2015-06-02T07:32:37Z
36714572,https://github.com/aweitian/tianphpv2,aweitian,2015-06-02T07:02:40Z
36717299,https://github.com/Swethans/gavista,Swethans,2015-06-02T07:54:23Z
36717439,https://github.com/adminwork/blog,adminwork,2015-06-02T07:57:02Z
36716766,https://github.com/bitflipper1/bitfliptech.com,bitflipper1,2015-06-02T07:44:22Z
36715673,https://github.com/Chanthoeun/Web-Sample,Chanthoeun,2015-06-02T07:23:29Z
36715292,https://github.com/digitalgopnik/daisy,digitalgopnik,2015-06-02T07:16:47Z
36715323,https://github.com/HuijiWiki/Verbatim,HuijiWiki,2015-06-02T07:17:24Z
36715411,https://github.com/wp-plugins/longer-login,wp-plugins,2015-06-02T07:18:48Z
36715805,https://github.com/aommiez/um,aommiez,2015-06-02T07:26:14Z
36716019,https://github.com/etki/mentorship.etki.name,etki,2015-06-02T07:30:01Z
36715570,https://github.com/GridSafe/grid-sdk-php-v3,GridSafe,2015-06-02T07:21:54Z
36717300,https://github.com/W4084MN/PGG,W4084MN,2015-06-02T07:54:24Z
36716918,https://github.com/janorivera/evaluame_org,janorivera,2015-06-02T07:47:31Z
36714917,https://github.com/dgebhard/uebungsaufgaben,dgebhard,2015-06-02T07:09:59Z
36715456,https://github.com/josh-techindeed/phpquery,josh-techindeed,2015-06-02T07:20:01Z
36715142,https://github.com/VKiril/tomatocart,VKiril,2015-06-02T07:14:06Z
36716240,https://github.com/vorobyev/stroy,vorobyev,2015-06-02T07:34:25Z
36715893,https://github.com/pugalventhan/sasitest,pugalventhan,2015-06-02T07:27:44Z
36715908,https://github.com/Mitame/Notifi-Web,Mitame,2015-06-02T07:28:05Z
36716788,https://github.com/aagungm/restaurant,aagungm,2015-06-02T07:44:52Z
36715175,https://github.com/eait-itig/php-kvd,eait-itig,2015-06-02T07:14:50Z
36714571,https://github.com/catorghans/net.trinfinity.orgis.mi.dataquality,catorghans,2015-06-02T07:02:39Z
36716947,https://github.com/phamcongsonit/get-mp3-from-mp3.zing.vn-nhaccuatui.com,phamcongsonit,2015-06-02T07:48:05Z
36717117,https://github.com/jasonhzy/ecshop,jasonhzy,2015-06-02T07:50:52Z
36714474,https://github.com/ItechSup-Ariane/Quest-TDA,ItechSup-Ariane,2015-06-02T07:00:35Z
36716105,https://github.com/Cmsworks/cot-payorders,Cmsworks,2015-06-02T07:31:35Z
36717135,https://github.com/stefanovalle/pm-ial-2015,stefanovalle,2015-06-02T07:51:07Z
36717307,https://github.com/SatishKalla/Enquiry-Management,SatishKalla,2015-06-02T07:54:31Z
36715202,https://github.com/rsharath/chicory,rsharath,2015-06-02T07:15:23Z
36714443,https://github.com/ItechSup-Ariane/Quest-NAZ,ItechSup-Ariane,2015-06-02T07:00:08Z
36715685,https://github.com/candrasaputra/fuftv,candrasaputra,2015-06-02T07:23:49Z
36714543,https://github.com/wp-plugins/woocommerce-upcoming-product,wp-plugins,2015-06-02T07:01:52Z