81830571,https://github.com/WPO-Foundation/wptagent,WPO-Foundation,2017-02-13T13:56:35Z
81827545,https://github.com/azpoliak/eco,azpoliak,2017-02-13T13:23:32Z
81830875,https://github.com/everpcpc/bgm_subject_members,everpcpc,2017-02-13T13:59:36Z
81826496,https://github.com/linevych/samples,linevych,2017-02-13T13:11:26Z
81830236,https://github.com/ngouzy/smartchangelog,ngouzy,2017-02-13T13:52:46Z
81830808,https://github.com/damaratix/scapy-dhcp,damaratix,2017-02-13T13:58:56Z
81830262,https://github.com/arcaduf/gridding_method_minimal_oversampling,arcaduf,2017-02-13T13:53:00Z
81826941,https://github.com/ocsponge/machine-learning,ocsponge,2017-02-13T13:16:37Z
81830446,https://github.com/lgallard/kibana-export,lgallard,2017-02-13T13:55:11Z
81830719,https://github.com/sipsynergy/tyk-token-validator-plugin,sipsynergy,2017-02-13T13:57:57Z
81830900,https://github.com/kjacks21/CS-674,kjacks21,2017-02-13T13:59:51Z
81830838,https://github.com/ohaz/MeetUp,ohaz,2017-02-13T13:59:16Z
81826718,https://github.com/hkromer/qradar-hemp,hkromer,2017-02-13T13:13:57Z
81825493,https://github.com/phoracek/vdsm-networks-ansible,phoracek,2017-02-13T13:00:29Z
81829668,https://github.com/wajdihajji/sync-mininet,wajdihajji,2017-02-13T13:46:43Z
81829196,https://github.com/denyszamiatin/backgammon,denyszamiatin,2017-02-13T13:41:21Z
81829951,https://github.com/icoman/upnp-nat-punch,icoman,2017-02-13T13:49:43Z
81827364,https://github.com/Isaranu/IoTtweetRPi,Isaranu,2017-02-13T13:21:26Z
81828414,https://github.com/lilcsa/Restaurant_Menu,lilcsa,2017-02-13T13:33:09Z
81828424,https://github.com/linem/primer_project,linem,2017-02-13T13:33:20Z
81828436,https://github.com/monish7108/Django-day1,monish7108,2017-02-13T13:33:28Z
81828527,https://github.com/maidaa/EdXTutorials,maidaa,2017-02-13T13:34:17Z
81825931,https://github.com/wikedzi/todo_app,wikedzi,2017-02-13T13:05:42Z
81830235,https://github.com/amol9/wirefox,amol9,2017-02-13T13:52:44Z
81830654,https://github.com/RishabhGuptaIn/AdvFileOrganizer,RishabhGuptaIn,2017-02-13T13:57:21Z
81825990,https://github.com/fangtongen/Hello-World,fangtongen,2017-02-13T13:06:27Z
81828966,https://github.com/panyushkins/recommender_system,panyushkins,2017-02-13T13:38:51Z
81830822,https://github.com/Milczanowski/health_and_fitness,Milczanowski,2017-02-13T13:59:06Z
81825736,https://github.com/labtec0000/website_legal_page,labtec0000,2017-02-13T13:03:19Z
81830636,https://github.com/James-SH-Lee/lambda-school,James-SH-Lee,2017-02-13T13:57:11Z
81829089,https://github.com/sjwalters/Project-Euler,sjwalters,2017-02-13T13:40:06Z
81830087,https://github.com/anishachenkunju/GTAC_lab,anishachenkunju,2017-02-13T13:51:06Z
81826993,https://github.com/ToastyToast/prob-rob,ToastyToast,2017-02-13T13:17:17Z
81830821,https://github.com/esbap/esb-djangoecommerce,esbap,2017-02-13T13:59:05Z
81826909,https://github.com/adamlavie/Time-Sync,adamlavie,2017-02-13T13:16:12Z
81826928,https://github.com/cedadev/ceda-cc,cedadev,2017-02-13T13:16:25Z
81825594,https://github.com/judecodetech/grmp,judecodetech,2017-02-13T13:01:38Z
81828022,https://github.com/AjackZhao/AjackZhao,AjackZhao,2017-02-13T13:28:42Z
81830038,https://github.com/edustor/pdfgen-py,edustor,2017-02-13T13:50:37Z
81829460,https://github.com/dv-vb/whosts,dv-vb,2017-02-13T13:44:16Z
81825587,https://github.com/martinjuckes/ceda_cc,martinjuckes,2017-02-13T13:01:32Z
81827985,https://github.com/ocsponge/pci-codes,ocsponge,2017-02-13T13:28:19Z
81830509,https://github.com/iguskov/PPO,iguskov,2017-02-13T13:55:54Z
81825475,https://github.com/pixiucz/cli,pixiucz,2017-02-13T13:00:16Z
81825904,https://github.com/live-imagine/2017-cybermedics-01-461,live-imagine,2017-02-13T13:05:23Z
81829124,https://github.com/LXUI/test,LXUI,2017-02-13T13:40:35Z
81827058,https://github.com/LogicalOutcomes/aristotle-indicators,LogicalOutcomes,2017-02-13T13:18:13Z
81829518,https://github.com/navnathbagade3/mypython,navnathbagade3,2017-02-13T13:44:48Z
81826599,https://github.com/nofazo/AdvancedPython2BA-Labo1,nofazo,2017-02-13T13:12:34Z
81826988,https://github.com/dekarh/WebZagrTink,dekarh,2017-02-13T13:17:12Z
81829189,https://github.com/tisossistemas/python2Scanner,tisossistemas,2017-02-13T13:41:19Z
81826143,https://github.com/inovizz/data_structures_and_algorithms,inovizz,2017-02-13T13:07:59Z
81829054,https://github.com/oscamaina/bc-15-Ticket_booking_service,oscamaina,2017-02-13T13:39:43Z
81826900,https://github.com/Jackmrzhou/personal_zhihu_crawler,Jackmrzhou,2017-02-13T13:16:04Z
81827302,https://github.com/ivababukova-zz/TPdataGenerator,ivababukova-zz,2017-02-13T13:20:47Z
81825704,https://github.com/dnguyen0304/python-common,dnguyen0304,2017-02-13T13:03:00Z
81825898,https://github.com/pbteja1998/DeepBot,pbteja1998,2017-02-13T13:05:19Z
81827356,https://github.com/lzdyd/Python,lzdyd,2017-02-13T13:21:20Z
81828995,https://github.com/Thr-ostur/gso-verk2,Thr-ostur,2017-02-13T13:39:08Z
81827958,https://github.com/rendiya/py-low-level-communication,rendiya,2017-02-13T13:27:50Z
81826285,https://github.com/plejeail/Python_Music_Recommender,plejeail,2017-02-13T13:09:21Z
81826366,https://github.com/lals1/docker-with-ansible,lals1,2017-02-13T13:10:00Z
81827594,https://github.com/MMeent/mmeent_nl,MMeent,2017-02-13T13:23:57Z
81828762,https://github.com/ratmole/script.module.lamlib,ratmole,2017-02-13T13:36:41Z
81828849,https://github.com/divyanshu-talwar/Numerical-Methods,divyanshu-talwar,2017-02-13T13:37:37Z
81829020,https://github.com/happychris87/chapter7,happychris87,2017-02-13T13:39:20Z
81829738,https://github.com/joanntaneo/Python_Interpreter,joanntaneo,2017-02-13T13:47:18Z
81828218,https://github.com/kamicase24/hr_ven_payroll,kamicase24,2017-02-13T13:31:03Z
81828274,https://github.com/Elninaar/AdvancedPython2BA-Labo1,Elninaar,2017-02-13T13:31:41Z
81829293,https://github.com/dnox/experiments,dnox,2017-02-13T13:42:24Z
81825747,https://github.com/FavriiouP/ProjectPython,FavriiouP,2017-02-13T13:03:28Z
81828993,https://github.com/81182/odoo_printers,81182,2017-02-13T13:39:08Z
81829876,https://github.com/ovidio1801/Refugio,ovidio1801,2017-02-13T13:48:43Z
81827599,https://github.com/ZericZhao/OctoPrint-Cmfg3dApi,ZericZhao,2017-02-13T13:24:00Z
81826956,https://github.com/strannegard/ecosystem,strannegard,2017-02-13T13:16:47Z
81828132,https://github.com/Jraven23/Painting_Robot,Jraven23,2017-02-13T13:30:10Z
81830774,https://github.com/tomeyro/deployv-addon-test,tomeyro,2017-02-13T13:58:30Z
81830891,https://github.com/gologius/DishMaker,gologius,2017-02-13T13:59:47Z
81830474,https://github.com/raspberrypilearning/the-big-minecraft-piano,raspberrypilearning,2017-02-13T13:55:31Z
81830147,https://github.com/HenryLiangzy/NYAA_py,HenryLiangzy,2017-02-13T13:51:51Z
81826870,https://github.com/snirp/glotto,snirp,2017-02-13T13:15:47Z
81825593,https://github.com/ednilson/jcatalog,ednilson,2017-02-13T13:01:38Z
81827136,https://github.com/bhyreta/waveform_testing,bhyreta,2017-02-13T13:19:05Z
81827170,https://github.com/Houdaaaa/AdvancedPython2BA-Labo1-,Houdaaaa,2017-02-13T13:19:28Z
81825879,https://github.com/GustavSvensson3600/decTree,GustavSvensson3600,2017-02-13T13:04:59Z
81826213,https://github.com/w4keupneo/djangofirst,w4keupneo,2017-02-13T13:08:38Z
81827401,https://github.com/imrehg/resin-via-leds,imrehg,2017-02-13T13:21:57Z