21203678,https://github.com/moznion/go-mysql-explain-parser,moznion,2014-06-25T13:13:42Z
21204202,https://github.com/BenPhegan/fauxpi,BenPhegan,2014-06-25T13:29:50Z