292581034,https://github.com/liumingye/TpTuchuang,liumingye,2020-09-03T13:39:42Z
292572787,https://github.com/pauloalmeidasilva/cadastro_de_clientes,pauloalmeidasilva,2020-09-03T13:06:37Z
292572767,https://github.com/ariel-hidalgo/blogApp,ariel-hidalgo,2020-09-03T13:06:31Z
292581039,https://github.com/fifoaugie06/IKMarket-API,fifoaugie06,2020-09-03T13:39:42Z
292583564,https://github.com/ankithg03/relymagento2,ankithg03,2020-09-03T13:50:10Z
292585134,https://github.com/SilvvMH/CHOPTAPHOTO,SilvvMH,2020-09-03T13:56:08Z
292573767,https://github.com/paytrill/charts-data,paytrill,2020-09-03T13:10:34Z
292579085,https://github.com/wieeem/Ecommerce-Fashion-Website-with-PHP,wieeem,2020-09-03T13:31:45Z
292580688,https://github.com/XeniaWeb/Num,XeniaWeb,2020-09-03T13:38:17Z
292580770,https://github.com/ActuallySam/laravel-practice,ActuallySam,2020-09-03T13:38:38Z
292582194,https://github.com/sgflores/simple-notice-board,sgflores,2020-09-03T13:44:34Z
292584353,https://github.com/veleton777/work1,veleton777,2020-09-03T13:53:18Z
292571760,https://github.com/distinctstan/visamicrofinancebanktest,distinctstan,2020-09-03T13:02:28Z
292585737,https://github.com/AndrewND92/php-google-faq,AndrewND92,2020-09-03T13:58:43Z
292575919,https://github.com/alessandrocapanna/laravel-base-crud,alessandrocapanna,2020-09-03T13:19:25Z
292573858,https://github.com/jamesread/jamesandevie.com,jamesread,2020-09-03T13:10:59Z
292583276,https://github.com/hiroki-sawada0531/Laravel-Learning,hiroki-sawada0531,2020-09-03T13:49:05Z
292571697,https://github.com/JagerYe/RD1_Assignment,JagerYe,2020-09-03T13:02:11Z
292577404,https://github.com/ShangoRG/project1,ShangoRG,2020-09-03T13:25:00Z
292577611,https://github.com/tkppro/News-24H,tkppro,2020-09-03T13:25:50Z
292579396,https://github.com/typedin/video-game-aggregator,typedin,2020-09-03T13:32:57Z
292571591,https://github.com/acropia/MySQL-Tuner-PHP,acropia,2020-09-03T13:01:43Z
292571276,https://github.com/vitorfernds/devops-assessment-,vitorfernds,2020-09-03T13:00:27Z
292573619,https://github.com/abiha456/template,abiha456,2020-09-03T13:10:03Z
292582800,https://github.com/zwcui/xampp,zwcui,2020-09-03T13:47:04Z
292581451,https://github.com/rohitshevate/demo17,rohitshevate,2020-09-03T13:41:22Z
292576076,https://github.com/blogcacanid/lara7-phpmailer,blogcacanid,2020-09-03T13:20:01Z
292576276,https://github.com/Furiie/ToDoList-Back,Furiie,2020-09-03T13:20:46Z
292577608,https://github.com/zfh41/IT202,zfh41,2020-09-03T13:25:49Z
292572611,https://github.com/pascalpong/firstproject,pascalpong,2020-09-03T13:05:54Z
292584084,https://github.com/marcopro9/laravel-base-crud,marcopro9,2020-09-03T13:52:12Z
292584302,https://github.com/briggywiggy/art_porfolio,briggywiggy,2020-09-03T13:53:06Z
292584766,https://github.com/trifuad/Proyek2,trifuad,2020-09-03T13:54:48Z
292585489,https://github.com/harun3543/Branch_demo,harun3543,2020-09-03T13:57:36Z
292582110,https://github.com/MattyGT/cievert-test,MattyGT,2020-09-03T13:44:16Z
292576234,https://github.com/Todachii/laravel-graphql-server,Todachii,2020-09-03T13:20:36Z
292578162,https://github.com/PeerSyedHussain/beebuck-v3,PeerSyedHussain,2020-09-03T13:28:03Z
292577770,https://github.com/Al-1117/laravel-base-crud,Al-1117,2020-09-03T13:26:29Z
292576084,https://github.com/Pratibha499/Electricity-Bill,Pratibha499,2020-09-03T13:20:03Z
292584323,https://github.com/sachicorrea/fictional-university,sachicorrea,2020-09-03T13:53:10Z
292580274,https://github.com/bildukas2/public-coffeeBord,bildukas2,2020-09-03T13:36:44Z
292571674,https://github.com/itsuuki/smartpay,itsuuki,2020-09-03T13:02:04Z
292579229,https://github.com/Jeto143/synclastic,Jeto143,2020-09-03T13:32:17Z
292579463,https://github.com/Kipperlenny/wz-errormail,Kipperlenny,2020-09-03T13:33:16Z
292582393,https://github.com/Fadilt/Gestion-des-animaux,Fadilt,2020-09-03T13:45:24Z
292579874,https://github.com/onirosd/wliniiBackend,onirosd,2020-09-03T13:35:05Z
292575507,https://github.com/pakiZBRG/password-reset-mockup,pakiZBRG,2020-09-03T13:17:42Z
292575596,https://github.com/rydwan10/laravel-instagram,rydwan10,2020-09-03T13:18:03Z
292575715,https://github.com/SimonB87/dokuwiki_syfy,SimonB87,2020-09-03T13:18:35Z
292583778,https://github.com/benedictus-danielle/money-planner,benedictus-danielle,2020-09-03T13:51:04Z
292571396,https://github.com/SamuraiSample/samurai_PHP,SamuraiSample,2020-09-03T13:00:57Z
292571694,https://github.com/lindam-code/laravel-base-crud,lindam-code,2020-09-03T13:02:09Z
292571291,https://github.com/wolfthemes/wolf-photos,wolfthemes,2020-09-03T13:00:32Z
292574421,https://github.com/omaehatomohiro/chat-server-laravel,omaehatomohiro,2020-09-03T13:13:25Z
292580706,https://github.com/MarcoHijacker/php-google-faq,MarcoHijacker,2020-09-03T13:38:21Z
292583435,https://github.com/ThePHPGuys/LightCrudBundle,ThePHPGuys,2020-09-03T13:49:41Z
292576693,https://github.com/Panix-dev/Drupal-8-Activate-Deactivate-Custom-Module,Panix-dev,2020-09-03T13:22:22Z
292581316,https://github.com/Peyo77380/3WA-projetFin,Peyo77380,2020-09-03T13:40:50Z
292584902,https://github.com/DavitJanashia/php-google-faq,DavitJanashia,2020-09-03T13:55:17Z
292581583,https://github.com/S4ND4LJ3PIT/BomSms,S4ND4LJ3PIT,2020-09-03T13:41:58Z
292581686,https://github.com/vvx2/example,vvx2,2020-09-03T13:42:31Z
292579332,https://github.com/Lo-Nov/digi-test,Lo-Nov,2020-09-03T13:32:44Z
292579012,https://github.com/zlatkos94/eCommerce,zlatkos94,2020-09-03T13:31:27Z
292581633,https://github.com/meher18/meher_tlc_website_copy,meher18,2020-09-03T13:42:17Z
292577662,https://github.com/AdrielModollo/Exemplo-de-Orientacao-a-Objetos,AdrielModollo,2020-09-03T13:26:04Z
292584484,https://github.com/luckfcai/lizhi,luckfcai,2020-09-03T13:53:45Z
292578651,https://github.com/ashif786/php-pwa,ashif786,2020-09-03T13:30:00Z
292578834,https://github.com/VueJsDev/sideclub,VueJsDev,2020-09-03T13:30:41Z
292574819,https://github.com/33-Kasahara/Laravel,33-Kasahara,2020-09-03T13:14:56Z
292574975,https://github.com/Nishant575/User-blog,Nishant575,2020-09-03T13:15:31Z
292571879,https://github.com/AndreaPirre/php-google-faq,AndreaPirre,2020-09-03T13:02:56Z
292576630,https://github.com/tonyhoang2712/training-wordpress,tonyhoang2712,2020-09-03T13:22:08Z
292576179,https://github.com/mindcity60/insec-63-6002041620128,mindcity60,2020-09-03T13:20:22Z
292572883,https://github.com/vitoriowingert/gerenciadordeestoque,vitoriowingert,2020-09-03T13:07:02Z
292574116,https://github.com/pbfdw048/docker-laravel-handson,pbfdw048,2020-09-03T13:12:05Z
292579511,https://github.com/Fadilt/Gestion-de-Personnage,Fadilt,2020-09-03T13:33:31Z
292577484,https://github.com/jess23kevfer/control_estacionamiento,jess23kevfer,2020-09-03T13:25:16Z
292579600,https://github.com/lsys-code/test,lsys-code,2020-09-03T13:33:50Z
292583581,https://github.com/getmim/admin-user-handshake,getmim,2020-09-03T13:50:13Z
292582546,https://github.com/anatoliy-chirkov/products-rest-api,anatoliy-chirkov,2020-09-03T13:46:00Z
292572898,https://github.com/lottin/rest_api,lottin,2020-09-03T13:07:06Z
292572904,https://github.com/emanuele5180/php-google-faq,emanuele5180,2020-09-03T13:07:08Z
292574893,https://github.com/Bocampagni/gym-management,Bocampagni,2020-09-03T13:15:13Z
292575243,https://github.com/mizcaroll/phplessons,mizcaroll,2020-09-03T13:16:38Z
292578490,https://github.com/iamhamza19/file,iamhamza19,2020-09-03T13:29:20Z
292582483,https://github.com/Margherita-Gugliandolo/php-google-faq,Margherita-Gugliandolo,2020-09-03T13:45:47Z
292585072,https://github.com/citizenz7/Dashboard-MVC-POO,citizenz7,2020-09-03T13:55:54Z
292577790,https://github.com/Norpa1/Test-Task-on-Bootstrap,Norpa1,2020-09-03T13:26:37Z
292585585,https://github.com/GabrielePese/php-google-faq,GabrielePese,2020-09-03T13:57:59Z
292577588,https://github.com/nishantk-addweb/Employeepractical,nishantk-addweb,2020-09-03T13:25:44Z
292580319,https://github.com/oriki101/rakuten_pre-assignment,oriki101,2020-09-03T13:36:55Z
292573337,https://github.com/TomislavGalic/symfony4,TomislavGalic,2020-09-03T13:08:53Z
292578024,https://github.com/AidanHryc/IT202-009,AidanHryc,2020-09-03T13:27:33Z
292574963,https://github.com/Arekva/gsblot_team4,Arekva,2020-09-03T13:15:29Z
292576223,https://github.com/Andryx94/laravel-base-crud,Andryx94,2020-09-03T13:20:34Z
292575701,https://github.com/fabrynet/php-google-faq,fabrynet,2020-09-03T13:18:31Z
292584247,https://github.com/ThiagoMiltonFerreira/lumen,ThiagoMiltonFerreira,2020-09-03T13:52:50Z
292582333,https://github.com/MarySheng/PHP-Laravel-Ecommerce-Practice,MarySheng,2020-09-03T13:45:10Z
292585065,https://github.com/ChartwellWeb3/WOLC,ChartwellWeb3,2020-09-03T13:55:53Z
292577092,https://github.com/pelif/docker-labs,pelif,2020-09-03T13:23:54Z
292577092,https://github.com/pelif/docker-labs,pelif,2020-09-03T13:23:54Z
292577949,https://github.com/usamabajwah/linkshortner,usamabajwah,2020-09-03T13:27:12Z
292580919,https://github.com/matnis84/opcart,matnis84,2020-09-03T13:39:11Z
292576273,https://github.com/caterinamrn/php-google-faq,caterinamrn,2020-09-03T13:20:45Z
292579031,https://github.com/harshitkansal16/PHP_mySql-Project,harshitkansal16,2020-09-03T13:31:34Z
292579166,https://github.com/DA-Pljuskovac/PHPAcademyHomework1,DA-Pljuskovac,2020-09-03T13:32:02Z
292585674,https://github.com/Kishorami/Inventory,Kishorami,2020-09-03T13:58:26Z
292577466,https://github.com/Md-Anikul-Islam-Binju/Online-User-Profile-Laravel,Md-Anikul-Islam-Binju,2020-09-03T13:25:12Z
292574664,https://github.com/suzuki-kt/mysite,suzuki-kt,2020-09-03T13:14:21Z
292574011,https://github.com/Betty-dev55/SiteSurGithub,Betty-dev55,2020-09-03T13:11:38Z