20838150,https://github.com/ESultanik/biggest,ESultanik,2014-06-14T17:52:12Z
20837185,https://github.com/krunic/BulkWebarchiver,krunic,2014-06-14T17:07:59Z
20838296,https://github.com/GlassGhost/GitHy,GlassGhost,2014-06-14T17:59:46Z
20838173,https://github.com/Qblack/taskminder_openshift,Qblack,2014-06-14T17:53:17Z
20837286,https://github.com/nikhilisnice/folder-manager,nikhilisnice,2014-06-14T17:12:08Z
20837961,https://github.com/TimaeusFuro/makepw,TimaeusFuro,2014-06-14T17:43:19Z
20837126,https://github.com/dguan/my-first-repository,dguan,2014-06-14T17:05:26Z
20838168,https://github.com/dhpollock/chm_program_interface,dhpollock,2014-06-14T17:52:56Z
20837670,https://github.com/rich-hart/Inspection_Bot,rich-hart,2014-06-14T17:30:01Z
20837401,https://github.com/forestie9/CS-41,forestie9,2014-06-14T17:17:48Z
20837442,https://github.com/tejesh0/Kaggle-Titanic,tejesh0,2014-06-14T17:20:01Z
20837695,https://github.com/Ygg01/master,Ygg01,2014-06-14T17:31:18Z
20838011,https://github.com/aksanoble/learning_python,aksanoble,2014-06-14T17:46:03Z
20837497,https://github.com/alanjjenkins/minecraft-texturepacker,alanjjenkins,2014-06-14T17:22:13Z
20837147,https://github.com/acslater00/footypool,acslater00,2014-06-14T17:05:55Z
20837275,https://github.com/skatewalker/sistema,skatewalker,2014-06-14T17:11:39Z
20838041,https://github.com/Xpera/Xpera,Xpera,2014-06-14T17:47:21Z
20837128,https://github.com/foben/histalyzer,foben,2014-06-14T17:05:27Z
20837338,https://github.com/sauraedron/chintyas_addons,sauraedron,2014-06-14T17:14:38Z
20837894,https://github.com/cosmicBboy/OKR,cosmicBboy,2014-06-14T17:39:54Z
20837219,https://github.com/davclark/mrFiles,davclark,2014-06-14T17:09:28Z
20837655,https://github.com/ccya/YelpDataAnalysis,ccya,2014-06-14T17:29:35Z
20837456,https://github.com/hilfialkaff/matchmate,hilfialkaff,2014-06-14T17:20:33Z
20838142,https://github.com/jhelie/xvg_animate,jhelie,2014-06-14T17:51:56Z
20838145,https://github.com/abnth/ticketing,abnth,2014-06-14T17:52:05Z