65318014,https://github.com/jpmurray/laravel-rrule,jpmurray,2016-08-09T18:18:15Z
65319057,https://github.com/richpri/board18v2,richpri,2016-08-09T18:34:56Z
65318038,https://github.com/lyk2016php/php-lessons,lyk2016php,2016-08-09T18:18:44Z
65317807,https://github.com/lyk2016php/student-information-system,lyk2016php,2016-08-09T18:15:18Z
65319978,https://github.com/stevenhillsr/CodingSamples,stevenhillsr,2016-08-09T18:49:07Z
65319581,https://github.com/johnshopkins/gearman-workers,johnshopkins,2016-08-09T18:43:17Z
65318295,https://github.com/smutek/sassscotch,smutek,2016-08-09T18:23:06Z
65319096,https://github.com/pleebe/foolfuuka-plugin-thread-chunk,pleebe,2016-08-09T18:35:31Z
65319648,https://github.com/sancaweb/mar,sancaweb,2016-08-09T18:44:16Z
65317845,https://github.com/mgualco/voolkia,mgualco,2016-08-09T18:15:49Z
65319897,https://github.com/zodiak2290/sistact,zodiak2290,2016-08-09T18:47:53Z
65316920,https://github.com/charlesnoelcruz/updatedwordpress,charlesnoelcruz,2016-08-09T18:01:23Z
65318914,https://github.com/ovelasquez/hotelLuxor,ovelasquez,2016-08-09T18:32:31Z
65316840,https://github.com/lissenia/Universidad,lissenia,2016-08-09T18:00:02Z
65317464,https://github.com/mackayk/slack,mackayk,2016-08-09T18:09:15Z
65319920,https://github.com/jevarreira/phpwk,jevarreira,2016-08-09T18:48:11Z
65317570,https://github.com/Alesom/ESII-Controle-de-Estoque,Alesom,2016-08-09T18:11:32Z
65320408,https://github.com/iCMS-id/iCMS-core,iCMS-id,2016-08-09T18:56:17Z
65317015,https://github.com/softr/allinmail-php-sdk,softr,2016-08-09T18:03:03Z
65317670,https://github.com/fcha/clash-of-clans,fcha,2016-08-09T18:13:11Z
65319830,https://github.com/tr4ll/Colocataire,tr4ll,2016-08-09T18:46:49Z
65317710,https://github.com/MaurilioDeveloper/fase1,MaurilioDeveloper,2016-08-09T18:13:56Z
65317817,https://github.com/mark012492/Liquid-Web-MailSecure-cPanel-Plugin,mark012492,2016-08-09T18:15:32Z
65318536,https://github.com/sami4222/browser,sami4222,2016-08-09T18:27:13Z
65318301,https://github.com/dimanco/orgadin,dimanco,2016-08-09T18:23:10Z
65319512,https://github.com/DaruniNet/daruninet.github.io,DaruniNet,2016-08-09T18:42:13Z
65317312,https://github.com/danbleile/Code-Library,danbleile,2016-08-09T18:07:02Z
65320397,https://github.com/les113/gttwo_mob,les113,2016-08-09T18:56:10Z
65317208,https://github.com/jakehirzel/cs50-pset7-cs50-finance,jakehirzel,2016-08-09T18:05:33Z
65320376,https://github.com/hugooluisss/ilifePanel,hugooluisss,2016-08-09T18:55:59Z
65319038,https://github.com/umairriaz82/phpinfo,umairriaz82,2016-08-09T18:34:40Z
65318706,https://github.com/daroos85/attribute_theme,daroos85,2016-08-09T18:29:39Z
65320090,https://github.com/reinisla/miniproject1,reinisla,2016-08-09T18:51:04Z
65318275,https://github.com/cg433n/wp-staff-member-post-type,cg433n,2016-08-09T18:22:46Z
65318871,https://github.com/satyateja6/proc,satyateja6,2016-08-09T18:31:51Z
65317088,https://github.com/RichWeber/yii2-code-sniffer-git-hook,RichWeber,2016-08-09T18:03:58Z
65318425,https://github.com/oldigor/sharox,oldigor,2016-08-09T18:25:17Z