11548678,https://github.com/rtablada/stripe-connect,rtablada,2013-07-20T15:09:15Z
11549132,https://github.com/zwebapp/pro02-jpi,zwebapp,2013-07-20T15:44:21Z
11548767,https://github.com/JamesClonk/mediadb,JamesClonk,2013-07-20T15:15:49Z
11548889,https://github.com/cjmarkham/Struct,cjmarkham,2013-07-20T15:25:21Z