643651,https://github.com/fathat/shaq-fu,fathat,2010-05-02T23:00:09Z