52398104,https://github.com/anirudh9119/LM_GANS,anirudh9119,2016-02-23T23:03:23Z
52399196,https://github.com/riptano/cdm,riptano,2016-02-23T23:25:10Z
52400312,https://github.com/dhocker/udmx-pyusb,dhocker,2016-02-23T23:49:35Z
52399002,https://github.com/jliemansifry/semantic-segmentation,jliemansifry,2016-02-23T23:21:06Z
52398641,https://github.com/TingPing/transmission-remote-gnome,TingPing,2016-02-23T23:13:36Z
52399084,https://github.com/Congren/PYEdit,Congren,2016-02-23T23:22:43Z
52400357,https://github.com/starcraftman/new-awesome,starcraftman,2016-02-23T23:50:43Z
52399543,https://github.com/252319634/store-sea,252319634,2016-02-23T23:32:18Z
52399284,https://github.com/Jpadilla1/django-graphene-example,Jpadilla1,2016-02-23T23:27:01Z
52400080,https://github.com/rustyrazorblade/movielens-small,rustyrazorblade,2016-02-23T23:43:55Z
52399332,https://github.com/laurenceqi/shanghai-plate-auction-old,laurenceqi,2016-02-23T23:28:23Z
52399423,https://github.com/AHOCHI/AHOCHI-crawler,AHOCHI,2016-02-23T23:30:25Z
52398037,https://github.com/cperales/Shallow-Water-2D-Equations,cperales,2016-02-23T23:02:14Z
52399054,https://github.com/ghodulik95/GraphSummarization_igraph,ghodulik95,2016-02-23T23:22:07Z
52400138,https://github.com/JaminShanti/python,JaminShanti,2016-02-23T23:45:20Z
52399403,https://github.com/JerryMurphy/DCOM4-Project,JerryMurphy,2016-02-23T23:29:55Z
52400348,https://github.com/dante092/scrabblepy,dante092,2016-02-23T23:50:27Z
52400147,https://github.com/gavinhungry/dropbox-tray,gavinhungry,2016-02-23T23:45:31Z
52400760,https://github.com/azmoaum/LoLMatchPredictor,azmoaum,2016-02-23T23:59:26Z
52398296,https://github.com/bravekjh/Spark,bravekjh,2016-02-23T23:06:55Z
52398150,https://github.com/cptlc/model-server,cptlc,2016-02-23T23:04:11Z
52399122,https://github.com/252319634/blog-sae,252319634,2016-02-23T23:23:25Z
52400606,https://github.com/debanjum/KaggleBNP,debanjum,2016-02-23T23:56:26Z
52398414,https://github.com/rmsk2/Das-grosse-Quiz,rmsk2,2016-02-23T23:09:22Z
52398719,https://github.com/karenbajador/karena-seekerboard,karenbajador,2016-02-23T23:15:18Z
52398918,https://github.com/chang-yu0928/smallPython,chang-yu0928,2016-02-23T23:19:13Z
52399087,https://github.com/adregan/lis.py,adregan,2016-02-23T23:22:44Z
52400567,https://github.com/zhzhang/mphil,zhzhang,2016-02-23T23:55:25Z
52398208,https://github.com/Davis-Genealogy/Knox-Family-Letters,Davis-Genealogy,2016-02-23T23:05:29Z
52398718,https://github.com/kairikozuma/py-MIPS-assembler,kairikozuma,2016-02-23T23:15:17Z
52400143,https://github.com/litchfield/django-linkraw,litchfield,2016-02-23T23:45:26Z
52398996,https://github.com/doringaiu/PAD_LAB_06,doringaiu,2016-02-23T23:21:02Z
52399632,https://github.com/horvathpeter/myopic_search,horvathpeter,2016-02-23T23:34:23Z
52399962,https://github.com/ChrisMcPherson/AkronWeatherStudy,ChrisMcPherson,2016-02-23T23:41:30Z
52400553,https://github.com/marmeladema/xml2dot,marmeladema,2016-02-23T23:55:09Z
52400461,https://github.com/kunalkhanna/concatenated_strings,kunalkhanna,2016-02-23T23:53:09Z
52398620,https://github.com/fembots-2k16/cs560-homework2-rosnavigator,fembots-2k16,2016-02-23T23:13:13Z
52399508,https://github.com/FabianWe/csd-freiburg-forms,FabianWe,2016-02-23T23:31:34Z
52400003,https://github.com/moxie47/1150-lab-6,moxie47,2016-02-23T23:42:14Z
52400543,https://github.com/jclavelli89/The-Tech-Academy-Course-Work,jclavelli89,2016-02-23T23:54:52Z
52400711,https://github.com/pulidog/teste_backend,pulidog,2016-02-23T23:58:21Z
52399874,https://github.com/guisbonddev/dclink,guisbonddev,2016-02-23T23:39:45Z
52399935,https://github.com/azy2/lispy,azy2,2016-02-23T23:40:52Z
52397985,https://github.com/MeenalJain16/Socket-Programming,MeenalJain16,2016-02-23T23:01:23Z
52399234,https://github.com/amithnair/Algorithms,amithnair,2016-02-23T23:25:58Z
52400505,https://github.com/eileenconner/db-challenge,eileenconner,2016-02-23T23:54:09Z
52400537,https://github.com/Congren/UberModel,Congren,2016-02-23T23:54:45Z
52400778,https://github.com/sanjanaKamb/ProgrammingLanguages-SearchEngineAWS,sanjanaKamb,2016-02-23T23:59:52Z
52399827,https://github.com/Iboatwright/mod4discussion,Iboatwright,2016-02-23T23:38:59Z
52399906,https://github.com/maxclark1998/battleship,maxclark1998,2016-02-23T23:40:27Z
52398289,https://github.com/ashtoncb/foldrr,ashtoncb,2016-02-23T23:06:47Z
52398303,https://github.com/Congren/WikiLearn,Congren,2016-02-23T23:06:58Z
52398356,https://github.com/luxxon/Poke-Paint,luxxon,2016-02-23T23:08:09Z
52399385,https://github.com/tsdobbs/encyclopedia_brunch,tsdobbs,2016-02-23T23:29:26Z
52400255,https://github.com/vivekramamoorthy/tcpdump,vivekramamoorthy,2016-02-23T23:48:27Z
52399421,https://github.com/anupkrish24/UCSDCalorieCounter,anupkrish24,2016-02-23T23:30:24Z
52398919,https://github.com/GCodergr/RiceRocks-Extended,GCodergr,2016-02-23T23:19:16Z
52398945,https://github.com/Symantec/dao-common,Symantec,2016-02-23T23:19:59Z
52398881,https://github.com/NaziaShah/Repository_Py_DJngo_Prj,NaziaShah,2016-02-23T23:18:43Z
52399794,https://github.com/keajer/country-subdiv-mapping,keajer,2016-02-23T23:38:20Z
52400465,https://github.com/burningciphers/fail2shutdown,burningciphers,2016-02-23T23:53:12Z
52400286,https://github.com/TejasRavichandran1995/Movie-Recommendation-System,TejasRavichandran1995,2016-02-23T23:49:11Z
52399608,https://github.com/252319634/note_book,252319634,2016-02-23T23:33:52Z
52398613,https://github.com/choppsv1/opticalutil,choppsv1,2016-02-23T23:13:04Z
52398124,https://github.com/cptlc/model-validator,cptlc,2016-02-23T23:03:39Z