2951102,https://github.com/twitter/pycascading,twitter,2011-12-09T23:56:23Z
2951029,https://github.com/jbalogh/push,jbalogh,2011-12-09T23:46:20Z
2950799,https://github.com/enthought/encore,enthought,2011-12-09T23:03:35Z
2951082,https://github.com/bl0b/jupyLR,bl0b,2011-12-09T23:54:05Z
2950882,https://github.com/MrKriss/Old-PhD-Code,MrKriss,2011-12-09T23:18:47Z
2950997,https://github.com/djkz/twister-bot,djkz,2011-12-09T23:41:10Z