11529769,https://github.com/Mibew/mibew,Mibew,2013-07-19T14:37:04Z
11529394,https://github.com/GruposInternet/jsonRpcClient-PHP,GruposInternet,2013-07-19T14:20:36Z
11529060,https://github.com/evispa/TranslationEditorBundle,evispa,2013-07-19T14:03:24Z
11529686,https://github.com/mutek/Vilfredo,mutek,2013-07-19T14:33:34Z
11529290,https://github.com/MinecrafterJPN/PocketJobs,MinecrafterJPN,2013-07-19T14:15:36Z
11529446,https://github.com/stelmaholeg/news,stelmaholeg,2013-07-19T14:23:08Z
11529447,https://github.com/uditveerwani/blank_wordpress,uditveerwani,2013-07-19T14:23:12Z
11530257,https://github.com/davidsenft/fidtraining,davidsenft,2013-07-19T14:58:26Z
11529168,https://github.com/lwmm/Package--LW-Mailer,lwmm,2013-07-19T14:09:23Z
11529076,https://github.com/renatoneto/DirectCall-PHP,renatoneto,2013-07-19T14:04:07Z
11529564,https://github.com/momoirofactory/pafe,momoirofactory,2013-07-19T14:28:48Z
11529459,https://github.com/andreytkachenko64/cat,andreytkachenko64,2013-07-19T14:23:32Z
11529535,https://github.com/dipan1987/-Pagination,dipan1987,2013-07-19T14:27:28Z
11529424,https://github.com/Querschlag/hardware-management,Querschlag,2013-07-19T14:21:59Z
11529726,https://github.com/skriptble/CachePurgeWarm-API,skriptble,2013-07-19T14:34:55Z