140360124,https://github.com/isgbuddy/phpseclib-demo,isgbuddy,2018-07-10T01:20:33Z
140361085,https://github.com/Rtannu/Payworld,Rtannu,2018-07-10T01:32:28Z
140363543,https://github.com/Ulll/wxpay,Ulll,2018-07-10T01:59:51Z
140361366,https://github.com/wojiukankan/GatewayWorker-Demo,wojiukankan,2018-07-10T01:35:25Z
140358928,https://github.com/f77/2ch_posts_pictures_roulette,f77,2018-07-10T01:05:21Z
140363333,https://github.com/vdouw99/study_siwa_shop,vdouw99,2018-07-10T01:57:40Z
140361443,https://github.com/nishikigoi575/unicon-invitation-page,nishikigoi575,2018-07-10T01:36:12Z
140361906,https://github.com/evasquez86/Bomb_segunda,evasquez86,2018-07-10T01:41:51Z
140363226,https://github.com/SanjayPJ/replica-google-search,SanjayPJ,2018-07-10T01:56:27Z
140358951,https://github.com/ibrahemMR/Form-Validate,ibrahemMR,2018-07-10T01:05:41Z
140363452,https://github.com/frozenfirefox/mysqlExtract,frozenfirefox,2018-07-10T01:59:01Z
140361404,https://github.com/Dung261298/MyProject,Dung261298,2018-07-10T01:35:51Z
140361591,https://github.com/Evengining/service,Evengining,2018-07-10T01:37:59Z
140361511,https://github.com/AkuraDavis/ReadingLists,AkuraDavis,2018-07-10T01:37:03Z
140362222,https://github.com/gustavoglorde/teste,gustavoglorde,2018-07-10T01:45:26Z
140362633,https://github.com/gustavo1017/controllersTest,gustavo1017,2018-07-10T01:49:45Z
140359804,https://github.com/marlondck/laravel-ionic3-codeflix,marlondck,2018-07-10T01:16:47Z
140358975,https://github.com/weareflip/enpress-framework,weareflip,2018-07-10T01:05:58Z
140359361,https://github.com/zen1210/SmarterSends,zen1210,2018-07-10T01:11:09Z
140360683,https://github.com/bte8444/70-533Index,bte8444,2018-07-10T01:27:31Z
140360601,https://github.com/szf5/test-laravel,szf5,2018-07-10T01:26:28Z
140360610,https://github.com/evasquez86/demo,evasquez86,2018-07-10T01:26:38Z
140362168,https://github.com/thopiyawan/laravel-dialog-line,thopiyawan,2018-07-10T01:44:55Z
140363387,https://github.com/abdulaziz-cse/Binary-and-hex-etc----PHP,abdulaziz-cse,2018-07-10T01:58:07Z
140359576,https://github.com/sonnguyen478/Laravel-tutorial,sonnguyen478,2018-07-10T01:14:00Z
140359391,https://github.com/paulorech/projeto-aula-php,paulorech,2018-07-10T01:11:29Z
140359394,https://github.com/roberzguerra/projeto-aula-php,roberzguerra,2018-07-10T01:11:30Z
140359812,https://github.com/daniildeveloper/ostglobal-wordpress-theme,daniildeveloper,2018-07-10T01:16:53Z
140363201,https://github.com/mohammedajao/studentern,mohammedajao,2018-07-10T01:56:10Z
140360084,https://github.com/ankitjain28may/affiliates_connect_amazon,ankitjain28may,2018-07-10T01:20:07Z
140360682,https://github.com/wyruweso/bsa-2018-php-7,wyruweso,2018-07-10T01:27:31Z
140362626,https://github.com/kirkcharlesniv/laravel-5.6-boilerplate,kirkcharlesniv,2018-07-10T01:49:40Z
140361080,https://github.com/tomstormland/web-ex,tomstormland,2018-07-10T01:32:25Z
140360885,https://github.com/Roooon/projectx,Roooon,2018-07-10T01:30:09Z
140358616,https://github.com/shihuating/weiboPublish,shihuating,2018-07-10T01:01:27Z
140361677,https://github.com/xzsxyt/shop,xzsxyt,2018-07-10T01:39:04Z
140360008,https://github.com/ruseltayongski/css,ruseltayongski,2018-07-10T01:19:15Z
140361573,https://github.com/lobothiagodev/CRUDESCOLA,lobothiagodev,2018-07-10T01:37:48Z
140362328,https://github.com/DiegoBorja7/DiegoBorja7.github.io,DiegoBorja7,2018-07-10T01:46:35Z
140359815,https://github.com/acantuta/midocu,acantuta,2018-07-10T01:16:54Z
140359125,https://github.com/weareflip/enpress,weareflip,2018-07-10T01:07:41Z
140359397,https://github.com/Dogrs/projeto-aula-php,Dogrs,2018-07-10T01:11:33Z
140362954,https://github.com/dbzcar/PaginaU,dbzcar,2018-07-10T01:53:10Z
140359392,https://github.com/joserigotti/projeto-aula-php,joserigotti,2018-07-10T01:11:29Z
140360841,https://github.com/hoang5309/ChatWeb,hoang5309,2018-07-10T01:29:31Z
140359866,https://github.com/arglue/test,arglue,2018-07-10T01:17:37Z
140359386,https://github.com/Thoritie/facebook-webhook,Thoritie,2018-07-10T01:11:26Z
140358601,https://github.com/irisz-kovacs/git-demo,irisz-kovacs,2018-07-10T01:01:21Z