13448590,https://github.com/TronPaul/twitchingpython,TronPaul,2013-10-09T17:14:37Z
13449617,https://github.com/danhooper/mindwell,danhooper,2013-10-09T17:58:03Z
13449524,https://github.com/geeklhem/consulquest,geeklhem,2013-10-09T17:54:09Z
13448552,https://github.com/veloutin/txwtf,veloutin,2013-10-09T17:12:40Z
13449446,https://github.com/toxsick/codekitchen,toxsick,2013-10-09T17:50:51Z
13448709,https://github.com/syllor/super-domain,syllor,2013-10-09T17:20:45Z
13449610,https://github.com/infinitebrew/kaggle_comp,infinitebrew,2013-10-09T17:57:49Z
13448854,https://github.com/wunderlins/learning,wunderlins,2013-10-09T17:27:45Z
13449016,https://github.com/AdamHansrod/SemanticTagFinder,AdamHansrod,2013-10-09T17:34:06Z
13448591,https://github.com/mauricio-sousa/plone-buildout,mauricio-sousa,2013-10-09T17:14:39Z
13448677,https://github.com/DavidZeferino/estudoDjango,DavidZeferino,2013-10-09T17:18:42Z
13448306,https://github.com/sashimi409/Factorization,sashimi409,2013-10-09T17:01:46Z
13448290,https://github.com/sashimi409/Currency,sashimi409,2013-10-09T17:00:59Z
13448830,https://github.com/alejo8591/grimm,alejo8591,2013-10-09T17:26:36Z
13448513,https://github.com/panpilkarz/django-lock,panpilkarz,2013-10-09T17:10:54Z
13448336,https://github.com/sashimi409/Spider_Solitare,sashimi409,2013-10-09T17:02:45Z
13448367,https://github.com/tedw4rd/alexandria-upload-utils,tedw4rd,2013-10-09T17:04:11Z
13448383,https://github.com/sashimi409/President_Jobs,sashimi409,2013-10-09T17:04:50Z
13448956,https://github.com/alokdidde/mongster,alokdidde,2013-10-09T17:31:27Z
13448602,https://github.com/CERIT-SC/dstat-plugins,CERIT-SC,2013-10-09T17:15:13Z
13448308,https://github.com/jdreed/liblocker-ng,jdreed,2013-10-09T17:01:58Z
13448667,https://github.com/chrissmall22/GSage,chrissmall22,2013-10-09T17:18:14Z