80589490,https://github.com/elastic/beats-docker,elastic,2017-02-01T04:28:41Z
80590040,https://github.com/araith/pyDEA,araith,2017-02-01T04:39:56Z
80591025,https://github.com/Divya5595/Stock-Forecast,Divya5595,2017-02-01T04:59:59Z
80589073,https://github.com/hansroh/aquests,hansroh,2017-02-01T04:20:55Z
80588281,https://github.com/popcorn9499/Youtube-Discord-Relay-Bot,popcorn9499,2017-02-01T04:06:29Z
80589119,https://github.com/steinbachr/im-finished,steinbachr,2017-02-01T04:21:58Z
80590189,https://github.com/diazjf/reddit-sentiment-analyzer,diazjf,2017-02-01T04:43:46Z
80590419,https://github.com/adminho/python-examples,adminho,2017-02-01T04:48:01Z
80589520,https://github.com/levyjm/NessusConverter,levyjm,2017-02-01T04:29:13Z
80589399,https://github.com/FirstDraftGIS/fdgis,FirstDraftGIS,2017-02-01T04:27:04Z
80589927,https://github.com/danbatiste/ClusterMail,danbatiste,2017-02-01T04:37:39Z
80588134,https://github.com/ChbShoot/terrachar,ChbShoot,2017-02-01T04:03:11Z
80589258,https://github.com/ben9105/pyDice,ben9105,2017-02-01T04:24:38Z
80588746,https://github.com/epikjjh/NBA_Result_Predictor,epikjjh,2017-02-01T04:15:21Z
80590723,https://github.com/grantrosario/Multiple-Linear-Regession,grantrosario,2017-02-01T04:53:44Z
80590081,https://github.com/tipyn/mini_scripts,tipyn,2017-02-01T04:41:03Z
80589191,https://github.com/wwpika/ascii,wwpika,2017-02-01T04:23:31Z
80589238,https://github.com/aarongut/fincom2,aarongut,2017-02-01T04:24:23Z
80589584,https://github.com/katherinelundberg/shopping_list,katherinelundberg,2017-02-01T04:30:12Z
80590200,https://github.com/slavo3dev/SelfTaught_Python,slavo3dev,2017-02-01T04:44:06Z
80589860,https://github.com/Abhisssss/images,Abhisssss,2017-02-01T04:36:01Z
80587974,https://github.com/AnuragMaji/Project-1,AnuragMaji,2017-02-01T04:00:11Z
80588177,https://github.com/WDI-SEA/python-sorting-algorithms,WDI-SEA,2017-02-01T04:04:20Z
80588648,https://github.com/saram4090/my-first-blog,saram4090,2017-02-01T04:13:25Z
80588534,https://github.com/gillett-hernandez/whizbang,gillett-hernandez,2017-02-01T04:11:16Z
80589095,https://github.com/xtopherbrandt/UD-953,xtopherbrandt,2017-02-01T04:21:27Z
80589503,https://github.com/trevorKirkby/pyforth,trevorKirkby,2017-02-01T04:28:52Z
80589588,https://github.com/yjy765/gps_modified,yjy765,2017-02-01T04:30:19Z
80588671,https://github.com/vhr121/python-hacks,vhr121,2017-02-01T04:13:55Z
80590536,https://github.com/webtech89/scrappingWithCSV,webtech89,2017-02-01T04:50:24Z
80590693,https://github.com/aguimaraesduarte/msan603,aguimaraesduarte,2017-02-01T04:53:09Z
80588163,https://github.com/rajalokan/dj_polls,rajalokan,2017-02-01T04:03:52Z
80588857,https://github.com/jpdoria/cart,jpdoria,2017-02-01T04:17:16Z
80590852,https://github.com/vijaypratap28/day14,vijaypratap28,2017-02-01T04:56:23Z
80590588,https://github.com/imranalim/env-control,imranalim,2017-02-01T04:51:15Z
80590499,https://github.com/kelly4strength/prettytime,kelly4strength,2017-02-01T04:49:33Z
80589436,https://github.com/akashc06/Information-Retrieval,akashc06,2017-02-01T04:27:46Z
80588500,https://github.com/azharzulkifli98/user-signup,azharzulkifli98,2017-02-01T04:10:36Z
80589813,https://github.com/kthurmond/SoftHome,kthurmond,2017-02-01T04:34:52Z
80588772,https://github.com/orlando26/Tesis,orlando26,2017-02-01T04:15:44Z
80589447,https://github.com/bouwkast/MLBot,bouwkast,2017-02-01T04:27:54Z
80588836,https://github.com/tanfengkui/learing_reportlab,tanfengkui,2017-02-01T04:16:59Z
80588807,https://github.com/danielm3/savannah-ap-comp-sci,danielm3,2017-02-01T04:16:29Z
80590779,https://github.com/taviagilbert/tg-python-calculator,taviagilbert,2017-02-01T04:54:55Z
80589181,https://github.com/vipink1203/simple-python-app,vipink1203,2017-02-01T04:23:12Z
80588242,https://github.com/anthony-tuininga/deacons,anthony-tuininga,2017-02-01T04:05:46Z
80589076,https://github.com/sivaramaaa/pwnable.kr,sivaramaaa,2017-02-01T04:20:58Z
80589555,https://github.com/DanLindeman/django-girls-tutorial-blog,DanLindeman,2017-02-01T04:29:50Z
80590668,https://github.com/robin-thoni/ap,robin-thoni,2017-02-01T04:52:47Z
80590879,https://github.com/Damodharan5/Mini_Pyth_proj,Damodharan5,2017-02-01T04:57:12Z
80590268,https://github.com/jayhebe/Exercises,jayhebe,2017-02-01T04:45:24Z
80588951,https://github.com/shadmanahmed001/Belt2,shadmanahmed001,2017-02-01T04:18:45Z
80588615,https://github.com/WDI-SEA/python-graph-data-structure,WDI-SEA,2017-02-01T04:12:54Z
80588245,https://github.com/ekimekim/pygbemu,ekimekim,2017-02-01T04:05:49Z
80589137,https://github.com/webtech89/htmlScrapping,webtech89,2017-02-01T04:22:22Z
80589820,https://github.com/TRSKY/email_me_results,TRSKY,2017-02-01T04:35:07Z
80589900,https://github.com/johndevon/user-signup,johndevon,2017-02-01T04:37:02Z
80589994,https://github.com/richard-salaschavez/Python-Programs,richard-salaschavez,2017-02-01T04:38:53Z
80588968,https://github.com/thuctonhuyen/web_Crawler,thuctonhuyen,2017-02-01T04:19:00Z
80589506,https://github.com/dracrowa-kaz/MachineLearningTutorial,dracrowa-kaz,2017-02-01T04:28:58Z
80589103,https://github.com/navneet-nmk/ID3,navneet-nmk,2017-02-01T04:21:37Z
80590361,https://github.com/liyigenius/gitTest,liyigenius,2017-02-01T04:47:01Z