94938983,https://github.com/astorfi/lip-reading-deeplearning,astorfi,2017-06-20T22:05:34Z
94939930,https://github.com/daeyun/object-shapes-cvpr18,daeyun,2017-06-20T22:22:33Z
94941165,https://github.com/DoaneAS/atacflow,DoaneAS,2017-06-20T22:44:32Z
94940815,https://github.com/gmoberg/rqt_launch_editor,gmoberg,2017-06-20T22:37:53Z
94941923,https://github.com/tommasomartini/SecondHandCars,tommasomartini,2017-06-20T22:58:11Z
94940298,https://github.com/supthunder/491,supthunder,2017-06-20T22:28:23Z
94939238,https://github.com/cbohara/luigi_data_pipeline,cbohara,2017-06-20T22:10:05Z
94940792,https://github.com/stevenorum/arduino-email-dongle,stevenorum,2017-06-20T22:37:20Z
94939815,https://github.com/davidmcclure/cleanconfig,davidmcclure,2017-06-20T22:20:31Z
94941518,https://github.com/federicomartinsanchez/contacts-agenda,federicomartinsanchez,2017-06-20T22:51:11Z
94941448,https://github.com/koneman/webcrawler,koneman,2017-06-20T22:49:59Z
94941049,https://github.com/fredericojordan/neural,fredericojordan,2017-06-20T22:42:21Z
94938618,https://github.com/ahmetkartal/Python-3,ahmetkartal,2017-06-20T22:00:17Z
94938980,https://github.com/fjfnaranjo/fjfnaranjo-bot,fjfnaranjo,2017-06-20T22:05:31Z
94941068,https://github.com/wollmanlab/akuma,wollmanlab,2017-06-20T22:42:37Z
94940970,https://github.com/linuslin/python_test,linuslin,2017-06-20T22:40:45Z
94941012,https://github.com/seanon414/lager_fridge,seanon414,2017-06-20T22:41:30Z
94941384,https://github.com/baconcaca/auttaja,baconcaca,2017-06-20T22:48:34Z
94939396,https://github.com/CortanaAnalyticsGallery-Test/jestest1,CortanaAnalyticsGallery-Test,2017-06-20T22:13:03Z
94940403,https://github.com/mofo/mbox,mofo,2017-06-20T22:30:09Z
94941144,https://github.com/camoverride/pseudo-random,camoverride,2017-06-20T22:43:53Z
94941753,https://github.com/mike-moore/can-pbuff,mike-moore,2017-06-20T22:55:04Z
94939153,https://github.com/Mikefizzy/Pytorch-Stuff,Mikefizzy,2017-06-20T22:08:24Z
94939306,https://github.com/fredmell/whale_game,fredmell,2017-06-20T22:11:26Z
94940524,https://github.com/rafpacut/RoomsNotifier,rafpacut,2017-06-20T22:32:30Z
94939682,https://github.com/LabsForALL/QuickVision-tensorflow,LabsForALL,2017-06-20T22:18:07Z
94939745,https://github.com/artfin/physchem,artfin,2017-06-20T22:19:15Z
94940528,https://github.com/oscar9/statistics_viewer,oscar9,2017-06-20T22:32:35Z
94941674,https://github.com/matheussilvag2/mercado,matheussilvag2,2017-06-20T22:53:48Z
94938872,https://github.com/msztolcman/timestamped-input,msztolcman,2017-06-20T22:04:01Z
94941557,https://github.com/ipazc/generic-API-REST,ipazc,2017-06-20T22:51:56Z
94940788,https://github.com/rozinasyed/cti-110..,rozinasyed,2017-06-20T22:37:18Z
94940930,https://github.com/robert-ancell/osm-tools,robert-ancell,2017-06-20T22:39:56Z
94939516,https://github.com/vdthatte/Bayesian-Optimization-on-different-datasets,vdthatte,2017-06-20T22:15:26Z
94940035,https://github.com/jakeckhardt/user-signup,jakeckhardt,2017-06-20T22:24:23Z
94939186,https://github.com/amtsha09/Task-Execution-Framework,amtsha09,2017-06-20T22:08:59Z
94941289,https://github.com/LevinJ/ocr_extraction,LevinJ,2017-06-20T22:46:52Z
94941699,https://github.com/mike-moore/tcp-pbuff,mike-moore,2017-06-20T22:54:19Z
94939893,https://github.com/mananpreetsingh/scripts,mananpreetsingh,2017-06-20T22:21:48Z
94939944,https://github.com/dionysio/aws-lambda-numpy,dionysio,2017-06-20T22:22:51Z
94939502,https://github.com/sushmamangalapally/CodingDojo,sushmamangalapally,2017-06-20T22:15:09Z
94940360,https://github.com/keturn/notebug,keturn,2017-06-20T22:29:27Z
94941639,https://github.com/srchalla/ansible,srchalla,2017-06-20T22:53:08Z
94941123,https://github.com/dionysio/aws-lambda-scipy,dionysio,2017-06-20T22:43:34Z
94939962,https://github.com/leonardocouy/wordcount-mapreduce,leonardocouy,2017-06-20T22:23:06Z
94939476,https://github.com/omiguelperez/DjangoLoginBDD,omiguelperez,2017-06-20T22:14:22Z
94941030,https://github.com/davedlg/cuhpy,davedlg,2017-06-20T22:41:51Z
94940980,https://github.com/asif-rehan/pitch,asif-rehan,2017-06-20T22:40:54Z
94941116,https://github.com/syntaxval/cc-validator,syntaxval,2017-06-20T22:43:26Z
94940216,https://github.com/MeenakshiUthaman/user-signup,MeenakshiUthaman,2017-06-20T22:26:55Z
94940839,https://github.com/s1y2s323/Script_poject,s1y2s323,2017-06-20T22:38:20Z
94940376,https://github.com/nathanshaw/correlationBot,nathanshaw,2017-06-20T22:29:48Z
94939225,https://github.com/jvdwetering/Henk,jvdwetering,2017-06-20T22:09:42Z
94941713,https://github.com/bching28/HTTP-Server-and-Client,bching28,2017-06-20T22:54:27Z
94939655,https://github.com/junior2pp/AlgorithmsForBookPython,junior2pp,2017-06-20T22:17:31Z
94939783,https://github.com/angunmaywah/docker,angunmaywah,2017-06-20T22:19:59Z
94938991,https://github.com/izhun/learning_log,izhun,2017-06-20T22:05:41Z
94941022,https://github.com/Mayklima/mercado2,Mayklima,2017-06-20T22:41:39Z
94938877,https://github.com/jacobgroth/opgavegenerator,jacobgroth,2017-06-20T22:04:06Z
94941748,https://github.com/Aaron-Zhao123/AlexNet_pruning_slim,Aaron-Zhao123,2017-06-20T22:54:55Z
94939620,https://github.com/yucucsd/google_cse_api_basketball,yucucsd,2017-06-20T22:17:10Z
94939889,https://github.com/kabuco/SNMPquery,kabuco,2017-06-20T22:21:40Z
94940020,https://github.com/J-Carder/topic-board,J-Carder,2017-06-20T22:24:10Z
94941549,https://github.com/vwsong/smartsales,vwsong,2017-06-20T22:51:48Z
94940761,https://github.com/daveagill/rpi-flask-robot-controller,daveagill,2017-06-20T22:36:53Z