4605014,https://github.com/jadell/plumber,jadell,2012-06-09T05:04:10Z
4605220,https://github.com/yandod/heroku-php-sample,yandod,2012-06-09T05:57:34Z
4605058,https://github.com/snickerjp/ptechcal,snickerjp,2012-06-09T05:16:16Z