33513363,https://github.com/networkl/networkl,networkl,2015-04-07T00:37:49Z
33512878,https://github.com/SystemsResearch/CUBIC_nprot,SystemsResearch,2015-04-07T00:22:11Z
33512791,https://github.com/gsprint23/sensor_metric_explorer,gsprint23,2015-04-07T00:19:31Z
33513418,https://github.com/Fragger/hobbyking-lipo-compare,Fragger,2015-04-07T00:39:03Z
33513016,https://github.com/DrPandemic/pvm,DrPandemic,2015-04-07T00:26:25Z
33512444,https://github.com/lizizatt/EKF,lizizatt,2015-04-07T00:08:17Z
33512434,https://github.com/0x90/dnet,0x90,2015-04-07T00:07:44Z
33513275,https://github.com/iqyx/umesh-sim,iqyx,2015-04-07T00:35:12Z
33513300,https://github.com/cterp/Contacts,cterp,2015-04-07T00:36:04Z
33512384,https://github.com/kristapatel/movie-trailer-website,kristapatel,2015-04-07T00:05:50Z
33513516,https://github.com/allenjr1076/python-webapi,allenjr1076,2015-04-07T00:42:04Z
33513789,https://github.com/devinrhode2/wibi,devinrhode2,2015-04-07T00:49:32Z
33512595,https://github.com/kirotawa/nar,kirotawa,2015-04-07T00:12:48Z
33512261,https://github.com/aliomattux/mage2odoo_operations,aliomattux,2015-04-07T00:02:16Z
33512380,https://github.com/seashaw/career-cup,seashaw,2015-04-07T00:05:34Z
33512787,https://github.com/xqjin/GEC0Prep,xqjin,2015-04-07T00:19:13Z
33512390,https://github.com/imrudyo/python,imrudyo,2015-04-07T00:06:08Z
33513989,https://github.com/karyafar/FaceRecogntionEigenFaces,karyafar,2015-04-07T00:55:46Z
33512969,https://github.com/qorelogic/profitly,qorelogic,2015-04-07T00:24:57Z
33512401,https://github.com/jmenestr/OOpython,jmenestr,2015-04-07T00:06:25Z
33513742,https://github.com/wryfi/contrivances,wryfi,2015-04-07T00:47:54Z
33513255,https://github.com/15KauCN9/ComNet9,15KauCN9,2015-04-07T00:34:36Z
33512517,https://github.com/lancha90/menu,lancha90,2015-04-07T00:11:07Z
33513921,https://github.com/jbwindsor/PyNetMapper,jbwindsor,2015-04-07T00:53:45Z
33512225,https://github.com/luckyz/webiopi,luckyz,2015-04-07T00:01:11Z
33512919,https://github.com/cterp/misc-projects,cterp,2015-04-07T00:23:27Z
33512282,https://github.com/jwsolve/Vumoo.bundle,jwsolve,2015-04-07T00:02:57Z
33512437,https://github.com/zpalmerx/movie-trailer-website,zpalmerx,2015-04-07T00:07:53Z
33513195,https://github.com/amore012/physics_177,amore012,2015-04-07T00:32:35Z
33512294,https://github.com/exarkun/automatic-sigal-photo-album,exarkun,2015-04-07T00:03:19Z
33513691,https://github.com/anderson89marques/tcccode,anderson89marques,2015-04-07T00:46:45Z
33513206,https://github.com/tliron/sqlalchemy-jython,tliron,2015-04-07T00:32:58Z
33513182,https://github.com/annanymouse/chewy,annanymouse,2015-04-07T00:32:10Z
33513993,https://github.com/soheilsh/PopEcon,soheilsh,2015-04-07T00:55:52Z