22382316,https://github.com/ajbc/tmv,ajbc,2014-07-29T14:18:58Z
22382372,https://github.com/maddicoat/AuToGraFS,maddicoat,2014-07-29T14:20:32Z
22382862,https://github.com/paulshannon/python-goodreads,paulshannon,2014-07-29T14:31:27Z
22383480,https://github.com/gangstertim/jokeBot,gangstertim,2014-07-29T14:49:55Z
22382007,https://github.com/bankonme/cold-storage,bankonme,2014-07-29T14:09:17Z
22382824,https://github.com/rgbkrk/301inabox,rgbkrk,2014-07-29T14:30:42Z
22382582,https://github.com/rh-lab-q/bkrdoc,rh-lab-q,2014-07-29T14:25:43Z
22382041,https://github.com/ebottabi/tornado-smsghmixin,ebottabi,2014-07-29T14:10:10Z
22381988,https://github.com/ajussis/cip.cipotato,ajussis,2014-07-29T14:08:09Z
22383689,https://github.com/hejin/fence_sim,hejin,2014-07-29T14:56:37Z
22382216,https://github.com/matttucker/data-pager,matttucker,2014-07-29T14:15:21Z
22383545,https://github.com/thermalecology/AmNat,thermalecology,2014-07-29T14:51:52Z
22383762,https://github.com/dikalidindi/My-Tryouts-in-HackerEarth,dikalidindi,2014-07-29T14:59:00Z
22383137,https://github.com/gfmio/mandrill-markdown-mails,gfmio,2014-07-29T14:38:53Z
22383088,https://github.com/angelicadly/prog-script,angelicadly,2014-07-29T14:37:38Z
22381810,https://github.com/IndustriaTech/django-email-subscription,IndustriaTech,2014-07-29T14:01:57Z
22381866,https://github.com/alexkcode/StatMech,alexkcode,2014-07-29T14:03:39Z
22382735,https://github.com/naveenkumarmarri/djangoapp,naveenkumarmarri,2014-07-29T14:29:14Z
22383085,https://github.com/watsa1/plugin.audio.musicbox,watsa1,2014-07-29T14:37:29Z
22383745,https://github.com/harryhaos/pyal,harryhaos,2014-07-29T14:58:36Z
22382296,https://github.com/evandenmark/GenBankSearch,evandenmark,2014-07-29T14:18:23Z
22383760,https://github.com/kjy/NoSQL,kjy,2014-07-29T14:58:56Z
22382717,https://github.com/DaniilLeksin/TwitterGa,DaniilLeksin,2014-07-29T14:28:52Z
22381900,https://github.com/ajussis/cip.knowledgeportals,ajussis,2014-07-29T14:04:53Z
22382555,https://github.com/joshfokis/AV_Tracker,joshfokis,2014-07-29T14:25:03Z
22382785,https://github.com/zultron/kernel-scst-rpm,zultron,2014-07-29T14:30:22Z
22382959,https://github.com/tanderson11/chillingtools,tanderson11,2014-07-29T14:33:51Z