292417745,https://github.com/min0731/DB_PHP_Practice,min0731,2020-09-02T23:37:42Z
292414415,https://github.com/techbola/pmglobal,techbola,2020-09-02T23:13:49Z
292417828,https://github.com/HoGib98/FullCrudMagento2,HoGib98,2020-09-02T23:38:16Z
292418818,https://github.com/Josewowgame2888/MusicTest,Josewowgame2888,2020-09-02T23:45:17Z
292413790,https://github.com/jeffersontads/phpmailerDisparos,jeffersontads,2020-09-02T23:09:37Z
292414098,https://github.com/julioizquierdomejia/api,julioizquierdomejia,2020-09-02T23:11:38Z
292419229,https://github.com/bjcd2010/establecimientos,bjcd2010,2020-09-02T23:47:58Z
292418500,https://github.com/LucasMorais582/api-contacts,LucasMorais582,2020-09-02T23:43:17Z
292418063,https://github.com/wikugw/laravel-notify,wikugw,2020-09-02T23:40:19Z
292419128,https://github.com/thinkshout/ts_legal,thinkshout,2020-09-02T23:47:20Z
292419152,https://github.com/jularmerme/dockerizer-wordpress,jularmerme,2020-09-02T23:47:30Z
292419723,https://github.com/jchacon092/Proyecto_PHP_FusionCharts,jchacon092,2020-09-02T23:51:29Z
292419326,https://github.com/Vtorgimenes/Psico_System,Vtorgimenes,2020-09-02T23:48:38Z
292416153,https://github.com/positron1510/tapir-test,positron1510,2020-09-02T23:26:03Z
292414575,https://github.com/bot-kevin/biblioteca,bot-kevin,2020-09-02T23:14:57Z
292415077,https://github.com/thecreator04/BLOG,thecreator04,2020-09-02T23:18:41Z
292416380,https://github.com/TomasMartinez99/Proyecto-Tienda,TomasMartinez99,2020-09-02T23:27:53Z
292420151,https://github.com/amoshet/IT202011,amoshet,2020-09-02T23:54:26Z
292418815,https://github.com/munas86/wikimedia,munas86,2020-09-02T23:45:16Z
292414898,https://github.com/thecreator04/LOGIN_BLOG,thecreator04,2020-09-02T23:17:08Z
292420851,https://github.com/victoriareyes11/PruebaTrainingCalidad,victoriareyes11,2020-09-02T23:59:35Z
292414163,https://github.com/imagina/imaginacms-platformbk,imagina,2020-09-02T23:11:59Z
292412660,https://github.com/thecreator04/SISTEMA_LOGIN,thecreator04,2020-09-02T23:01:16Z
292415165,https://github.com/nelsonleopold/PHP-and-HTML,nelsonleopold,2020-09-02T23:19:19Z
292418598,https://github.com/remonalberand/eltager,remonalberand,2020-09-02T23:43:54Z
292420180,https://github.com/DevWorksOSI/PHP-Sentry,DevWorksOSI,2020-09-02T23:54:39Z
292420661,https://github.com/BrandynL/workout-api,BrandynL,2020-09-02T23:58:16Z
292413406,https://github.com/omaralganim/massar,omaralganim,2020-09-02T23:06:42Z
292418273,https://github.com/gittlm/wms,gittlm,2020-09-02T23:41:42Z
292418451,https://github.com/JOICE-GIF/php,JOICE-GIF,2020-09-02T23:42:55Z
292413010,https://github.com/gsoules/AvantHybrid,gsoules,2020-09-02T23:03:38Z
292418245,https://github.com/channingbabb/youtube-validator-php,channingbabb,2020-09-02T23:41:31Z
292412604,https://github.com/Xavierification/ProyectoPW,Xavierification,2020-09-02T23:00:51Z