4458266,https://github.com/friends-of-reactphp/zmq,friends-of-reactphp,2012-05-26T22:23:33Z
4458369,https://github.com/iionly/Elgg_1.8_setNoNotifications,iionly,2012-05-26T22:42:14Z
4458448,https://github.com/juliend2/jdesrosiers-submenu,juliend2,2012-05-26T22:58:19Z
4458333,https://github.com/MrRoyce/com_allicons,MrRoyce,2012-05-26T22:34:58Z
4458226,https://github.com/druplug/views_infinite_scroll,druplug,2012-05-26T22:15:11Z
4458378,https://github.com/joomkit/RealPreview_K2,joomkit,2012-05-26T22:44:14Z
4458223,https://github.com/tmacwill/portraits.by,tmacwill,2012-05-26T22:14:52Z