363404927,https://github.com/testnobody/office_admin_heroku,testnobody,2021-05-01T12:30:24Z
363401457,https://github.com/musdasch/webchaind-php,musdasch,2021-05-01T12:11:45Z
363407671,https://github.com/xpech/coolhome,xpech,2021-05-01T12:44:01Z
363403795,https://github.com/ALcot/PHP_8,ALcot,2021-05-01T12:24:26Z
363405064,https://github.com/condrici/php-patterns,condrici,2021-05-01T12:31:02Z
363410027,https://github.com/tahabornoosh/fira-location-book,tahabornoosh,2021-05-01T12:55:43Z
363410754,https://github.com/AYSENURBILIR/PhpDersleri,AYSENURBILIR,2021-05-01T12:59:39Z
363400448,https://github.com/Moatezz/rxed54,Moatezz,2021-05-01T12:06:12Z
363404657,https://github.com/phplrt/buffer,phplrt,2021-05-01T12:28:58Z
363404661,https://github.com/Amystherdam/epia,Amystherdam,2021-05-01T12:28:59Z
363408628,https://github.com/aaronDev3/ddsgateway,aaronDev3,2021-05-01T12:48:56Z
363407716,https://github.com/Nrmndy/oop_principles,Nrmndy,2021-05-01T12:44:15Z
363408095,https://github.com/it-fernandeztony/Nolark,it-fernandeztony,2021-05-01T12:46:10Z
363404550,https://github.com/AleksandraRadyukina/tour-plan,AleksandraRadyukina,2021-05-01T12:28:23Z
363409348,https://github.com/YusifH/Laravel8ApiTest,YusifH,2021-05-01T12:52:27Z
363410735,https://github.com/softradix/city-weather,softradix,2021-05-01T12:59:32Z
363402802,https://github.com/hugues96/php-TP1,hugues96,2021-05-01T12:19:11Z
363400667,https://github.com/daffabagus031/Dumbways,daffabagus031,2021-05-01T12:07:15Z
363403136,https://github.com/AitChakir/minicv,AitChakir,2021-05-01T12:20:59Z
363409811,https://github.com/mamilaaw/Telegram-Support-Bot-,mamilaaw,2021-05-01T12:54:42Z
363407747,https://github.com/forszaken/orders-service,forszaken,2021-05-01T12:44:24Z
363406921,https://github.com/toggenation/tztest,toggenation,2021-05-01T12:40:15Z
363401512,https://github.com/trousse/Chalet_et_caviar_OC,trousse,2021-05-01T12:12:05Z
363403218,https://github.com/eknowledgepoint/beginners,eknowledgepoint,2021-05-01T12:21:24Z
363399438,https://github.com/Rivaldizs/RivaldiZakie_5520119041,Rivaldizs,2021-05-01T12:01:01Z
363409720,https://github.com/mahmoudelembaby/laravel-notebook-master,mahmoudelembaby,2021-05-01T12:54:11Z
363410281,https://github.com/yqendah/Security-Insider-Lab-Web-vulnerability,yqendah,2021-05-01T12:56:57Z
363405062,https://github.com/siddhants2706/Leave-Apllication-System,siddhants2706,2021-05-01T12:31:01Z
363407425,https://github.com/syedmusthakks/Gas-Booking-System,syedmusthakks,2021-05-01T12:42:50Z
363407020,https://github.com/proyectofinalmundoseEquipo/laravel-app,proyectofinalmundoseEquipo,2021-05-01T12:40:45Z
363407231,https://github.com/dennydevitasari/dennydevitasari,dennydevitasari,2021-05-01T12:41:56Z
363406033,https://github.com/zwiebelLiu/checklister,zwiebelLiu,2021-05-01T12:36:11Z
363402251,https://github.com/rupali-pawar23/rupalipawar2may2021,rupali-pawar23,2021-05-01T12:16:01Z
363405417,https://github.com/Kingzy95/My_Cinema,Kingzy95,2021-05-01T12:33:03Z
363404396,https://github.com/bharat123-anki/interview_employee,bharat123-anki,2021-05-01T12:27:30Z
363404647,https://github.com/eric-gilles/Projet-Web,eric-gilles,2021-05-01T12:28:56Z
363400467,https://github.com/lusiayantini/UTS_LUSIA,lusiayantini,2021-05-01T12:06:19Z
363400571,https://github.com/ushusdeepthi/Fakestore_api,ushusdeepthi,2021-05-01T12:06:46Z
363402249,https://github.com/LeanCabeza/PROG3_PARCIAL_1,LeanCabeza,2021-05-01T12:16:00Z
363401551,https://github.com/Simbiat/colloquium,Simbiat,2021-05-01T12:12:13Z
363399586,https://github.com/Lewis1727/link-reformator,Lewis1727,2021-05-01T12:01:53Z
363405413,https://github.com/1thegame/1thegame,1thegame,2021-05-01T12:33:01Z
363410086,https://github.com/Bestaford/UserSystem,Bestaford,2021-05-01T12:56:05Z
363409579,https://github.com/agustavo87/bagisto-ladies-hub-theme-2,agustavo87,2021-05-01T12:53:28Z
363404867,https://github.com/phplrt/buffer-contracts,phplrt,2021-05-01T12:30:05Z
363399401,https://github.com/Simbiat/UserControl,Simbiat,2021-05-01T12:00:49Z
363406570,https://github.com/Arup10/web_portal,Arup10,2021-05-01T12:38:33Z
363405036,https://github.com/Daedalus648/y_kanji_database,Daedalus648,2021-05-01T12:30:54Z
363405140,https://github.com/flower5798/mysql1,flower5798,2021-05-01T12:31:27Z
363404821,https://github.com/danielHallsworth/golf,danielHallsworth,2021-05-01T12:29:50Z
363400195,https://github.com/iPASignteam/ipalibrary,iPASignteam,2021-05-01T12:05:00Z
363400268,https://github.com/AntoineDly/RecipeManager,AntoineDly,2021-05-01T12:05:20Z
363408880,https://github.com/lizbethzepesch/ucode-web-marathon,lizbethzepesch,2021-05-01T12:50:08Z
363408891,https://github.com/harshloco/laravel-vue,harshloco,2021-05-01T12:50:10Z
363407114,https://github.com/joaavet/https---github.com-joaavet-public_html,joaavet,2021-05-01T12:41:18Z
363409111,https://github.com/okayman-om/p-uon,okayman-om,2021-05-01T12:51:19Z
363403276,https://github.com/wikimedia/mediawiki-extensions-NCBITaxonomyLookup,wikimedia,2021-05-01T12:21:41Z
363400836,https://github.com/ali1845/Tution-Management-Application,ali1845,2021-05-01T12:08:15Z
363400994,https://github.com/poojasangle30/hotel_management,poojasangle30,2021-05-01T12:09:10Z
363406917,https://github.com/GullibleTwat/blog,GullibleTwat,2021-05-01T12:40:13Z
363407768,https://github.com/nimishagopi94/laravel-student-app,nimishagopi94,2021-05-01T12:44:30Z
363401345,https://github.com/PDCA-English/todolist5laravel,PDCA-English,2021-05-01T12:11:04Z
363406796,https://github.com/sayannaha/PHP_COLLEGE_TRIP_PROJECT,sayannaha,2021-05-01T12:39:41Z
363404612,https://github.com/Evraldo98/cvtest,Evraldo98,2021-05-01T12:28:45Z
363408757,https://github.com/emnakhiari/Mini-Projet-symphony4,emnakhiari,2021-05-01T12:49:34Z
363410445,https://github.com/duncanidaho14/gamingeek,duncanidaho14,2021-05-01T12:57:52Z
363408278,https://github.com/iuthub/lab-9-Xp-Stack,iuthub,2021-05-01T12:47:07Z
363403743,https://github.com/alas42/ft_server,alas42,2021-05-01T12:24:05Z
363403104,https://github.com/Simbiat/bicXML,Simbiat,2021-05-01T12:20:50Z
363410521,https://github.com/GannouniMariem/php,GannouniMariem,2021-05-01T12:58:24Z
363407981,https://github.com/danielsmeurer/laravelcontactmanager,danielsmeurer,2021-05-01T12:45:35Z
363403677,https://github.com/aaronDev3/ddsbe2,aaronDev3,2021-05-01T12:23:47Z
363406449,https://github.com/imelia/info-panen,imelia,2021-05-01T12:38:03Z
363407052,https://github.com/Alexterzyan/axora-crm-laravel,Alexterzyan,2021-05-01T12:40:57Z
363402438,https://github.com/Maybe-afk/Fotografie,Maybe-afk,2021-05-01T12:17:04Z
363404826,https://github.com/riigarXX/books,riigarXX,2021-05-01T12:29:52Z
363400745,https://github.com/aniketdesale8/schooltask,aniketdesale8,2021-05-01T12:07:45Z
363407193,https://github.com/alibechegg/zadanie_rest_php,alibechegg,2021-05-01T12:41:43Z
363401108,https://github.com/Kingzy95/PiePHP-Framework,Kingzy95,2021-05-01T12:09:52Z
363409532,https://github.com/Celx2/Monkeylyzer,Celx2,2021-05-01T12:53:15Z
363404475,https://github.com/RedhoSyahkumar/TugasBesar,RedhoSyahkumar,2021-05-01T12:28:00Z
363410015,https://github.com/fahmifayyadh/lumen_base_v8,fahmifayyadh,2021-05-01T12:55:41Z