15530105,https://github.com/naehrwert/p3ds,naehrwert,2013-12-30T15:10:41Z
15530243,https://github.com/akalenuk/chalks,akalenuk,2013-12-30T15:17:08Z
15530935,https://github.com/chriskiehl/OldBlog,chriskiehl,2013-12-30T15:49:17Z
15531064,https://github.com/rxcomm/weeText,rxcomm,2013-12-30T15:56:28Z
15531092,https://github.com/andrejbauer/costa-surface,andrejbauer,2013-12-30T15:57:59Z
15530367,https://github.com/caijun/PFD,caijun,2013-12-30T15:22:33Z
15530446,https://github.com/afrendeiro/pipelines,afrendeiro,2013-12-30T15:26:04Z
15530335,https://github.com/jsbueno/lokalize_xmltools,jsbueno,2013-12-30T15:21:04Z
15530814,https://github.com/mlwikisource/ProofreadingContest,mlwikisource,2013-12-30T15:44:21Z
15530929,https://github.com/aecostas/state-diagram,aecostas,2013-12-30T15:48:56Z
15530366,https://github.com/utexas-bwi/concert_scheduling,utexas-bwi,2013-12-30T15:22:30Z
15530569,https://github.com/seshagiriprabhu/system_Scripts,seshagiriprabhu,2013-12-30T15:33:39Z
15531136,https://github.com/dnhodgson/ovirt,dnhodgson,2013-12-30T15:59:54Z
15530442,https://github.com/morrillo/l10n_ar_account_check_duo_portfolio,morrillo,2013-12-30T15:25:53Z
15530729,https://github.com/cyrex562/JanesVoyages,cyrex562,2013-12-30T15:40:25Z
15530085,https://github.com/nedink/csf,nedink,2013-12-30T15:09:53Z
15530546,https://github.com/felixma/mysite,felixma,2013-12-30T15:32:34Z
15531097,https://github.com/mooosu/unzip,mooosu,2013-12-30T15:58:12Z
15530417,https://github.com/cloudius-systems/osv-tests,cloudius-systems,2013-12-30T15:24:52Z
15530006,https://github.com/sral/rambler,sral,2013-12-30T15:05:12Z
15530194,https://github.com/kahosato/interview,kahosato,2013-12-30T15:14:50Z
15530643,https://github.com/blaz1988/pymongo,blaz1988,2013-12-30T15:37:01Z