291837360,https://github.com/mElhadki/Projet-Fil-Rouge,mElhadki,2020-08-31T22:24:23Z
291837054,https://github.com/antoniogweb/EcommerceMyAdmin,antoniogweb,2020-08-31T22:22:18Z
291838380,https://github.com/jsperezsalazar2001/AquaLife,jsperezsalazar2001,2020-08-31T22:31:25Z
291842429,https://github.com/pr-content/gamificacao,pr-content,2020-08-31T22:59:12Z
291840545,https://github.com/biscatcho10/cms-app,biscatcho10,2020-08-31T22:45:27Z
291836634,https://github.com/joelohrdev/windycitysketchers-laravel,joelohrdev,2020-08-31T22:19:47Z
291839094,https://github.com/gaelanlloyd/wordpress-theme-milligram,gaelanlloyd,2020-08-31T22:35:43Z
291837495,https://github.com/7opher/CCP2,7opher,2020-08-31T22:25:08Z
291835912,https://github.com/yahyanaim/fil-rouge,yahyanaim,2020-08-31T22:14:58Z
291840687,https://github.com/mohamedgaber-intake40/PHP_Native,mohamedgaber-intake40,2020-08-31T22:46:22Z
291835199,https://github.com/EdyGaytanR/Store_TecGurus,EdyGaytanR,2020-08-31T22:10:29Z
291840927,https://github.com/rener172846/wordpress_stripe_rest_payment,rener172846,2020-08-31T22:48:14Z
291837246,https://github.com/jpgarau/prestamo,jpgarau,2020-08-31T22:23:30Z
291841491,https://github.com/josedu90/josedudev.digital,josedu90,2020-08-31T22:52:04Z
291839250,https://github.com/ahmadrockets/BOILERPLATE_LARAVEL,ahmadrockets,2020-08-31T22:36:51Z
291835945,https://github.com/joaomoraski/Php7Completo,joaomoraski,2020-08-31T22:15:09Z
291835256,https://github.com/aichimoaie/Laravel-Work,aichimoaie,2020-08-31T22:10:46Z
291835594,https://github.com/tmdsolutions/slim_framework_skeleton,tmdsolutions,2020-08-31T22:13:08Z
291839518,https://github.com/XIAC/proyecto-base,XIAC,2020-08-31T22:38:33Z
291834034,https://github.com/victorluissantos/mysql-12036,victorluissantos,2020-08-31T22:02:30Z
291842012,https://github.com/natashand/simple_api_laravel,natashand,2020-08-31T22:55:56Z
291835580,https://github.com/Stevancuk/Badkamers,Stevancuk,2020-08-31T22:13:04Z
291839023,https://github.com/jeancc29/presLaravel,jeancc29,2020-08-31T22:35:16Z
291841561,https://github.com/GlitchWitch/payloads.glitchwitch.io,GlitchWitch,2020-08-31T22:52:38Z
291840252,https://github.com/sayeed13/philosophy,sayeed13,2020-08-31T22:43:12Z
291838339,https://github.com/the-toster/psalm-fmt,the-toster,2020-08-31T22:31:06Z
291837978,https://github.com/oluwatoyinn/php_tutorials,oluwatoyinn,2020-08-31T22:28:33Z
291837216,https://github.com/Msnaiki/shoppingcart,Msnaiki,2020-08-31T22:23:19Z
291841148,https://github.com/GIT-MEJOREDU/rep_sec_2020,GIT-MEJOREDU,2020-08-31T22:49:57Z
291839091,https://github.com/dgzambrx99/wordpress-tools,dgzambrx99,2020-08-31T22:35:42Z
291835481,https://github.com/taka-ohashi/php,taka-ohashi,2020-08-31T22:12:24Z
291836417,https://github.com/biscatcho10/crudAjax,biscatcho10,2020-08-31T22:18:18Z
291840467,https://github.com/AI-P-K/MavoFam-E-Commerce,AI-P-K,2020-08-31T22:44:51Z