5640124,https://github.com/levent/cannula,levent,2012-09-01T14:19:34Z