3046756,https://github.com/Lattyware/unrest,Lattyware,2011-12-25T02:54:16Z
3046742,https://github.com/Lattyware/g15highlighter,Lattyware,2011-12-25T02:46:41Z
3046731,https://github.com/Lattyware/keycom,Lattyware,2011-12-25T02:40:03Z