28738240,https://github.com/j-mcnally/ansible-rails,j-mcnally,2015-01-03T07:47:00Z
28738159,https://github.com/Eddolan/PrEuler,Eddolan,2015-01-03T07:42:26Z
28738324,https://github.com/Lanceshi2/VisualforcePreview,Lanceshi2,2015-01-03T07:53:16Z
28737537,https://github.com/mazhartsev/magick_py,mazhartsev,2015-01-03T07:06:50Z
28737533,https://github.com/mazhartsev/scripts,mazhartsev,2015-01-03T07:06:32Z
28737622,https://github.com/LibreRussia/libreoffice-base,LibreRussia,2015-01-03T07:12:01Z
28737706,https://github.com/AjayMT/game-of-life,AjayMT,2015-01-03T07:17:03Z
28738105,https://github.com/Gehn/JustABlog,Gehn,2015-01-03T07:39:28Z
28738167,https://github.com/vedtopkar/table2api,vedtopkar,2015-01-03T07:42:43Z
28738234,https://github.com/scshepard/FlaskPlan7,scshepard,2015-01-03T07:46:36Z
28737989,https://github.com/radzhome/AWS-ElasticBeanstalk-CLI,radzhome,2015-01-03T07:33:03Z
28737584,https://github.com/kokokuo/Eason-garage-wordpress-resource,kokokuo,2015-01-03T07:10:00Z
28738281,https://github.com/normanjr/Crawler,normanjr,2015-01-03T07:49:48Z
28737949,https://github.com/leaen/Codeeval-solutions,leaen,2015-01-03T07:30:59Z
28738268,https://github.com/qule/sqoop-1.99.4-custom,qule,2015-01-03T07:48:46Z
28738229,https://github.com/BingLau7/alg,BingLau7,2015-01-03T07:46:26Z
28737513,https://github.com/cjzhong/Public,cjzhong,2015-01-03T07:05:29Z