217810020,https://github.com/greenheart777/simpo,greenheart777,2019-10-27T05:34:49Z
217808721,https://github.com/nikdow/salient,nikdow,2019-10-27T05:19:23Z
217810510,https://github.com/mayi2017/LeetCodeStudy,mayi2017,2019-10-27T05:40:49Z
217808310,https://github.com/Anugeeth/instamojo-pg-api,Anugeeth,2019-10-27T05:13:45Z
217810499,https://github.com/DIablo9946/php-oop-stud-stuff,DIablo9946,2019-10-27T05:40:41Z
217811908,https://github.com/zara-18/lap2,zara-18,2019-10-27T05:59:08Z
217808802,https://github.com/JdC-Santos/webservice-CRUD-produtos,JdC-Santos,2019-10-27T05:20:21Z
217809754,https://github.com/Digital-Odyssey/Quantum-WordPress-Theme,Digital-Odyssey,2019-10-27T05:31:42Z
217809314,https://github.com/arijitthehacker/shoppingrights,arijitthehacker,2019-10-27T05:26:19Z
217811904,https://github.com/Digital-Odyssey/Hope-Charity-WordPress-Theme,Digital-Odyssey,2019-10-27T05:59:06Z
217807633,https://github.com/Digital-Odyssey/Luxor-Real-Estate-WordPress-Theme,Digital-Odyssey,2019-10-27T05:05:41Z
217810822,https://github.com/cnjianghu/gitee,cnjianghu,2019-10-27T05:44:59Z
217810137,https://github.com/redaxee/webdav,redaxee,2019-10-27T05:36:21Z
217811346,https://github.com/Digital-Odyssey/Energy-Fitness-WordPress-Theme,Digital-Odyssey,2019-10-27T05:51:59Z
217807886,https://github.com/edrik1/NWP,edrik1,2019-10-27T05:08:55Z
217811892,https://github.com/soezzy/sistem-skripsi,soezzy,2019-10-27T05:58:56Z
217811723,https://github.com/brave-1024awsgcp/Laravelmixapp,brave-1024awsgcp,2019-10-27T05:56:43Z
217810582,https://github.com/YusfikHelmi-art/goba7,YusfikHelmi-art,2019-10-27T05:41:47Z
217811741,https://github.com/Mbrt1/phpbotirc,Mbrt1,2019-10-27T05:57:00Z
217811047,https://github.com/falhadiansyah/mitrais-api,falhadiansyah,2019-10-27T05:48:07Z
217808953,https://github.com/carmc99/Pokedex_api,carmc99,2019-10-27T05:21:58Z
217811859,https://github.com/falhadiansyah/mitrais-web,falhadiansyah,2019-10-27T05:58:36Z
217811885,https://github.com/aplinxy9plin/SquanchyParser2,aplinxy9plin,2019-10-27T05:58:54Z
217808194,https://github.com/lrf2234/web,lrf2234,2019-10-27T05:12:15Z
217810804,https://github.com/Digital-Odyssey/Moxie-WordPress-Theme,Digital-Odyssey,2019-10-27T05:44:45Z
217809248,https://github.com/websmarts/assman,websmarts,2019-10-27T05:25:30Z
217809363,https://github.com/vinhdows10/project_hope_site,vinhdows10,2019-10-27T05:26:54Z
217809501,https://github.com/smarterlives/kadai,smarterlives,2019-10-27T05:28:29Z
217808063,https://github.com/jarreed0/bs,jarreed0,2019-10-27T05:10:44Z
217810344,https://github.com/shakowat/Smart_Ecommerce,shakowat,2019-10-27T05:38:46Z
217809554,https://github.com/Malith97/web,Malith97,2019-10-27T05:29:03Z
217810790,https://github.com/NhanNguyen10/PHP,NhanNguyen10,2019-10-27T05:44:35Z
217808393,https://github.com/JamesGiesbrecht/Onesnap,JamesGiesbrecht,2019-10-27T05:14:51Z
217808402,https://github.com/muradmikayilzadeh/enel.az-full,muradmikayilzadeh,2019-10-27T05:14:59Z
217810308,https://github.com/fajryhamzah/TIA_test,fajryhamzah,2019-10-27T05:38:21Z
217809067,https://github.com/Originneo/Hack.Moscow-3-2,Originneo,2019-10-27T05:23:21Z
217809252,https://github.com/Ducmy/wordpress_upload_server,Ducmy,2019-10-27T05:25:33Z
217808489,https://github.com/sushantag9/Access_Denied,sushantag9,2019-10-27T05:16:25Z
217807895,https://github.com/cicilo/wojeklo,cicilo,2019-10-27T05:09:02Z
217808633,https://github.com/karen-garcia19/wp-blog-2019-2,karen-garcia19,2019-10-27T05:18:07Z
217809648,https://github.com/D0PP3L64N63R/termux-theme,D0PP3L64N63R,2019-10-27T05:30:13Z
217808219,https://github.com/hamzahfauzy/zhotspot,hamzahfauzy,2019-10-27T05:12:34Z
217808386,https://github.com/fazleyrabby/phpFundamentals,fazleyrabby,2019-10-27T05:14:44Z