2630803,https://github.com/d89/OpenStreetMap-Fetcher,d89,2011-10-23T14:01:02Z
2630823,https://github.com/charlestang/miscellaneous,charlestang,2011-10-23T14:06:04Z