145921620,https://github.com/SolumDeSignum/scenarios,SolumDeSignum,2018-08-24T00:27:04Z
145920993,https://github.com/osmankuzucu/claymore-phoenixminer-web-stats,osmankuzucu,2018-08-24T00:18:05Z
145923582,https://github.com/ZhenguoGao/Congress-Info-Search,ZhenguoGao,2018-08-24T00:54:19Z
145921262,https://github.com/yannfredy97/quizz_generator_api,yannfredy97,2018-08-24T00:21:50Z
145923369,https://github.com/lleobrescia/melevecomvoce,lleobrescia,2018-08-24T00:51:20Z
145921789,https://github.com/carlvh/jr_dev_challenge,carlvh,2018-08-24T00:29:24Z
145920288,https://github.com/reluem/contao-UIkit-linkTeaser,reluem,2018-08-24T00:05:46Z
145921028,https://github.com/travisj550/internetprogramming,travisj550,2018-08-24T00:18:40Z
145923714,https://github.com/ZhenguoGao/CSCI-571_Web-Dev,ZhenguoGao,2018-08-24T00:56:07Z
145922255,https://github.com/raykuonz/dockwp,raykuonz,2018-08-24T00:36:11Z
145921296,https://github.com/brunodba/bruno-php,brunodba,2018-08-24T00:22:13Z
145921849,https://github.com/ikhsant/sim_sd,ikhsant,2018-08-24T00:30:19Z
145920558,https://github.com/rwhite35/games-app,rwhite35,2018-08-24T00:11:12Z
145923128,https://github.com/IsaacSanT96/ProjetoPHP,IsaacSanT96,2018-08-24T00:48:11Z
145923536,https://github.com/ningyuanjing/learn,ningyuanjing,2018-08-24T00:53:42Z
145922965,https://github.com/juandleon-dev/generador_tablas_php_mysql,juandleon-dev,2018-08-24T00:46:09Z
145924012,https://github.com/melfaandrian/OpenSpace,melfaandrian,2018-08-24T00:59:59Z
145922645,https://github.com/simplifyjs/drupal-ajax-profile2,simplifyjs,2018-08-24T00:41:46Z
145921775,https://github.com/camilodiaz36-9/ColegioIVR,camilodiaz36-9,2018-08-24T00:29:11Z
145923617,https://github.com/agissept/kpup,agissept,2018-08-24T00:54:49Z
145921663,https://github.com/songhanpoo/scrape-table-website,songhanpoo,2018-08-24T00:27:37Z
145923560,https://github.com/18B/login,18B,2018-08-24T00:54:00Z
145920639,https://github.com/danteCortes/api-sunat,danteCortes,2018-08-24T00:12:57Z