138981546,https://github.com/hyeshik/poreplex,hyeshik,2018-06-28T07:21:21Z
138981395,https://github.com/karthikkbala/MISP-QRadar-Integration,karthikkbala,2018-06-28T07:20:11Z
138981340,https://github.com/shede333/SWConvertVideoToAudio,shede333,2018-06-28T07:19:40Z
138980068,https://github.com/sithu/cmpe273-fall18,sithu,2018-06-28T07:08:13Z
138983742,https://github.com/rrupeshh/BollywoodHungama-Scraper,rrupeshh,2018-06-28T07:40:17Z
138985569,https://github.com/Ninazizi/estimate_dislocation_density,Ninazizi,2018-06-28T07:56:18Z
138985563,https://github.com/hellochunqiu/wfuzz,hellochunqiu,2018-06-28T07:56:17Z
138981489,https://github.com/abhishekiiitbh/GMM-Integrated-with-Wronskian-Framework,abhishekiiitbh,2018-06-28T07:20:50Z
138981186,https://github.com/chuayupeng/dns-tunnelling-detection,chuayupeng,2018-06-28T07:18:07Z
138981522,https://github.com/Shalil1/mysite,Shalil1,2018-06-28T07:21:08Z
138980807,https://github.com/ruizhang1993/Neuhub-Test,ruizhang1993,2018-06-28T07:14:39Z
138980214,https://github.com/siowyisheng/python-problem-solving,siowyisheng,2018-06-28T07:09:25Z
138980143,https://github.com/mridsole/roboracer,mridsole,2018-06-28T07:08:44Z
138983247,https://github.com/Fengzhijjin/predict_frame,Fengzhijjin,2018-06-28T07:36:08Z
138980125,https://github.com/llh929423719/Hello-World,llh929423719,2018-06-28T07:08:35Z
138981684,https://github.com/AfraWells/Data-Structure-python,AfraWells,2018-06-28T07:22:41Z
138981108,https://github.com/tohugaby/pur_beurre_web,tohugaby,2018-06-28T07:17:24Z
138984094,https://github.com/daphtya/Compression-Huffman,daphtya,2018-06-28T07:43:27Z
138979660,https://github.com/patilsangram/fedex_integration,patilsangram,2018-06-28T07:04:40Z
138985467,https://github.com/tbin007/get_tmall_html2,tbin007,2018-06-28T07:55:28Z
138982044,https://github.com/shugonta/HottopicHolo,shugonta,2018-06-28T07:25:39Z
138984375,https://github.com/goubuzhao/practice0628,goubuzhao,2018-06-28T07:45:43Z
138984032,https://github.com/ifn/for_wg_bak,ifn,2018-06-28T07:42:47Z
138981646,https://github.com/Juniversey/lg,Juniversey,2018-06-28T07:22:19Z
138983286,https://github.com/Amaish/Python_USSD,Amaish,2018-06-28T07:36:33Z
138983301,https://github.com/yuepython123/remoteRepository,yuepython123,2018-06-28T07:36:40Z
138985570,https://github.com/smileyoung1993/python_ch3,smileyoung1993,2018-06-28T07:56:18Z
138981478,https://github.com/JohnyDev42/Python,JohnyDev42,2018-06-28T07:20:46Z
138981557,https://github.com/lipusmah/mxdSources,lipusmah,2018-06-28T07:21:34Z
138981224,https://github.com/szdbetter/top,szdbetter,2018-06-28T07:18:31Z
138980697,https://github.com/Tosha-8/Docked,Tosha-8,2018-06-28T07:13:42Z
138979080,https://github.com/erenipekk/gitDeneme,erenipekk,2018-06-28T07:00:15Z
138983307,https://github.com/ChunghunLee/Project,ChunghunLee,2018-06-28T07:36:42Z
138984378,https://github.com/PriyanshuGangwar/Coursera-Specializations,PriyanshuGangwar,2018-06-28T07:45:43Z
138982418,https://github.com/achuas/Ansible,achuas,2018-06-28T07:28:55Z
138982428,https://github.com/nikhil742/assg1,nikhil742,2018-06-28T07:29:05Z
138979946,https://github.com/cosmoer/svn_patch_clean,cosmoer,2018-06-28T07:07:10Z
138985517,https://github.com/qiyueluo/remoteRepository,qiyueluo,2018-06-28T07:55:53Z
138982298,https://github.com/ChicWalking/rzx-work,ChicWalking,2018-06-28T07:27:48Z
138982339,https://github.com/farhadazadjoo/TensorFlow,farhadazadjoo,2018-06-28T07:28:09Z
138982915,https://github.com/bangalorebyte-cohort11/OOPs-II,bangalorebyte-cohort11,2018-06-28T07:33:20Z
138980329,https://github.com/kigh143/fecundlabs,kigh143,2018-06-28T07:10:30Z
138985573,https://github.com/Milfist/Palindrome,Milfist,2018-06-28T07:56:19Z
138983543,https://github.com/365pranavkumar/Python_basics,365pranavkumar,2018-06-28T07:38:31Z
138981757,https://github.com/ypwalter/pytest-report-diff,ypwalter,2018-06-28T07:23:17Z
138982458,https://github.com/jain-rajat/chat_bot,jain-rajat,2018-06-28T07:29:21Z
138985161,https://github.com/lutae2000/mysite,lutae2000,2018-06-28T07:52:35Z
138980541,https://github.com/enisozgen/Python-Library,enisozgen,2018-06-28T07:12:28Z
138979647,https://github.com/mkyu0917/mysite,mkyu0917,2018-06-28T07:04:37Z
138979729,https://github.com/tantra-anthony/tf.artificial-neural-networks-sample,tantra-anthony,2018-06-28T07:05:16Z
138983680,https://github.com/crystalfish1990/typeidea,crystalfish1990,2018-06-28T07:39:48Z
138982997,https://github.com/AlexSegal/utils,AlexSegal,2018-06-28T07:34:04Z
138982302,https://github.com/ArunGARV/Artificial-Intelligence,ArunGARV,2018-06-28T07:27:50Z
138982101,https://github.com/DDihanov/audio_tagger_tools,DDihanov,2018-06-28T07:26:03Z
138980965,https://github.com/fhjd/customer5,fhjd,2018-06-28T07:16:05Z
138981474,https://github.com/wsy2018/trackers,wsy2018,2018-06-28T07:20:44Z
138983859,https://github.com/Lekshmipn/team25,Lekshmipn,2018-06-28T07:41:18Z
138983555,https://github.com/guancoder/remote,guancoder,2018-06-28T07:38:39Z
138985877,https://github.com/jhantu/Personalized-cancer-diagnosis,jhantu,2018-06-28T07:58:52Z
138979198,https://github.com/hdhj/my-first-blog,hdhj,2018-06-28T07:01:20Z
138979323,https://github.com/sogilis/ImageRecognition_Template,sogilis,2018-06-28T07:02:29Z
138983390,https://github.com/linkpp/RidgeRegression,linkpp,2018-06-28T07:37:20Z
138984077,https://github.com/Boyan-MILANOV/SMS-Parsing,Boyan-MILANOV,2018-06-28T07:43:15Z
138985545,https://github.com/eladi96/Cell,eladi96,2018-06-28T07:56:07Z
138985250,https://github.com/347729070/remoteRepository,347729070,2018-06-28T07:53:27Z
138980031,https://github.com/realestdon/todo_user,realestdon,2018-06-28T07:07:54Z
138980060,https://github.com/patilsangram/fedex_erp,patilsangram,2018-06-28T07:08:08Z
138984850,https://github.com/arturoto/Project1,arturoto,2018-06-28T07:50:02Z
138981813,https://github.com/mikuh/aliyun_ddns,mikuh,2018-06-28T07:23:46Z
138982960,https://github.com/skylight890/Platform_Test,skylight890,2018-06-28T07:33:45Z
138982981,https://github.com/Fantasya/GUI_Ramanfit,Fantasya,2018-06-28T07:33:55Z
138983046,https://github.com/wr34k/IRCUFC,wr34k,2018-06-28T07:34:30Z
138985915,https://github.com/forked-tools/simhash-new,forked-tools,2018-06-28T07:59:12Z
138984906,https://github.com/cloudnativedev/ufc,cloudnativedev,2018-06-28T07:50:28Z
138983425,https://github.com/fsickle/maoyan_top100,fsickle,2018-06-28T07:37:34Z
138982763,https://github.com/patilsangram/fedex_frappe,patilsangram,2018-06-28T07:32:04Z
138979686,https://github.com/Newone3/big_project2,Newone3,2018-06-28T07:04:53Z
138979756,https://github.com/namnguyen6595/nguyenthanhnam-fundamential-c4e19,namnguyen6595,2018-06-28T07:05:32Z
138984756,https://github.com/seidyizawa/PraticoProcessamento2,seidyizawa,2018-06-28T07:49:14Z
138983688,https://github.com/sfSanfrod/LearnPython,sfSanfrod,2018-06-28T07:39:51Z
138982241,https://github.com/Troy96/BookShelf,Troy96,2018-06-28T07:27:20Z
138984459,https://github.com/Silent777/ShoppingApp,Silent777,2018-06-28T07:46:30Z
138983098,https://github.com/roopeshpredmac/firstpackage,roopeshpredmac,2018-06-28T07:34:55Z
138979288,https://github.com/yu-george/qq-crawler,yu-george,2018-06-28T07:02:08Z
138980927,https://github.com/azhaoaigaga/Homework_refer,azhaoaigaga,2018-06-28T07:15:42Z
138981845,https://github.com/Maxtuo/Final-exam-project-updated,Maxtuo,2018-06-28T07:24:03Z
138983974,https://github.com/Coral626Liu/NMI_python,Coral626Liu,2018-06-28T07:42:15Z
138982537,https://github.com/suoluomen/python-test-learn,suoluomen,2018-06-28T07:30:01Z
138981077,https://github.com/navinbhaskar/ClassCast_Completion_,navinbhaskar,2018-06-28T07:17:06Z
138983791,https://github.com/Bruk3/heart-beat,Bruk3,2018-06-28T07:40:40Z
138984578,https://github.com/gleechan/fluent_python,gleechan,2018-06-28T07:47:32Z
138984899,https://github.com/GuiMarion/MultiAgents,GuiMarion,2018-06-28T07:50:25Z
138985856,https://github.com/Gelboo/Problem-Solving-with-Algorithm,Gelboo,2018-06-28T07:58:43Z
138985101,https://github.com/hj1115hj/python_ch3,hj1115hj,2018-06-28T07:52:02Z
138981953,https://github.com/freedom624/FirstRepository,freedom624,2018-06-28T07:24:58Z
138981462,https://github.com/FireBrother/WTensorPS,FireBrother,2018-06-28T07:20:38Z
138981551,https://github.com/LivHackSoc/DeployBot,LivHackSoc,2018-06-28T07:21:23Z
138984440,https://github.com/Zarbul/worktime,Zarbul,2018-06-28T07:46:21Z
138983840,https://github.com/Joash09/studious-calculator,Joash09,2018-06-28T07:41:08Z
138981357,https://github.com/pythonhahaha/enterprise,pythonhahaha,2018-06-28T07:19:54Z
138985920,https://github.com/Anchal-Mittal/Socket_programmig_in_Python,Anchal-Mittal,2018-06-28T07:59:15Z
138983054,https://github.com/GeorgeZhai/best_stakes,GeorgeZhai,2018-06-28T07:34:33Z
138985630,https://github.com/tungstenfabric/tungsten-test-runner,tungstenfabric,2018-06-28T07:56:47Z
138984912,https://github.com/ChenTanyi/DATA-of-Grad-Proj,ChenTanyi,2018-06-28T07:50:32Z
138982804,https://github.com/house-emoji/housing_cost_calculator,house-emoji,2018-06-28T07:32:27Z
138979178,https://github.com/JiahongHe/Computer-Networks,JiahongHe,2018-06-28T07:01:11Z
138979418,https://github.com/theseye/GifSpider,theseye,2018-06-28T07:03:12Z
138981158,https://github.com/DenysV/Tareas,DenysV,2018-06-28T07:17:50Z
138980120,https://github.com/natalie-jin/BalanceSheetChecker,natalie-jin,2018-06-28T07:08:33Z
138984585,https://github.com/fengyuhetao/Telescope,fengyuhetao,2018-06-28T07:47:35Z
138985771,https://github.com/sacoding/commandHandler.py,sacoding,2018-06-28T07:58:04Z
138982731,https://github.com/arlenzhu/Skip-thought-vector,arlenzhu,2018-06-28T07:31:48Z
138985174,https://github.com/Kannoken/NoteService,Kannoken,2018-06-28T07:52:44Z
138982170,https://github.com/linshizongzu/lincluo,linshizongzu,2018-06-28T07:26:37Z
138981002,https://github.com/Narendran00004/fullstack-nanodegree-vm-fullstack,Narendran00004,2018-06-28T07:16:28Z
138985619,https://github.com/nurulj/AI-Beauty,nurulj,2018-06-28T07:56:42Z
138981668,https://github.com/SrinathMurali96/SriPy,SrinathMurali96,2018-06-28T07:22:33Z
138979495,https://github.com/tilia-hb/hw-ubermellon-underpaid-customers,tilia-hb,2018-06-28T07:03:41Z
138985088,https://github.com/Mondragor/docker-curriculum,Mondragor,2018-06-28T07:51:57Z
138982000,https://github.com/EnochMHforever/Text__classification,EnochMHforever,2018-06-28T07:25:21Z
138984046,https://github.com/boldizsarBalogh/git_dojo2,boldizsarBalogh,2018-06-28T07:42:57Z
138983516,https://github.com/stojakovic312636841/DVF,stojakovic312636841,2018-06-28T07:38:22Z
138983911,https://github.com/Tamitwotone/AIDATA-Internship,Tamitwotone,2018-06-28T07:41:47Z
138984519,https://github.com/WebConda/WebConda,WebConda,2018-06-28T07:47:05Z
138985624,https://github.com/arturoto/Project2,arturoto,2018-06-28T07:56:44Z
138979643,https://github.com/ferdef/SpikesPython,ferdef,2018-06-28T07:04:35Z
138979261,https://github.com/ssj5638/mysite,ssj5638,2018-06-28T07:01:53Z
138984786,https://github.com/stefanobiano/ContactManager,stefanobiano,2018-06-28T07:49:25Z
138979979,https://github.com/hammerheadlemon/twdft,hammerheadlemon,2018-06-28T07:07:25Z
138983895,https://github.com/ItzMoksh/Nl2Sql,ItzMoksh,2018-06-28T07:41:39Z
138984565,https://github.com/gaspergrom/Seq2Seq-chatbot,gaspergrom,2018-06-28T07:47:28Z
138984625,https://github.com/leshikus/factor,leshikus,2018-06-28T07:47:58Z
138979778,https://github.com/itanish/Face-Recognition,itanish,2018-06-28T07:05:45Z
138979913,https://github.com/sweetcocoa/challenge,sweetcocoa,2018-06-28T07:06:57Z
138983703,https://github.com/347729070/post,347729070,2018-06-28T07:39:58Z
138980910,https://github.com/qknph/itms_realty,qknph,2018-06-28T07:15:31Z
138981079,https://github.com/rylearn/neural_nets,rylearn,2018-06-28T07:17:08Z
138985274,https://github.com/devhante/DmeBackend,devhante,2018-06-28T07:53:41Z
138981430,https://github.com/Shinpachi8/headlesss,Shinpachi8,2018-06-28T07:20:24Z
138984822,https://github.com/rivoduck/topixbotnet,rivoduck,2018-06-28T07:49:46Z
138985231,https://github.com/hj1115hj/mysite,hj1115hj,2018-06-28T07:53:17Z
138981897,https://github.com/kunchi68/google-python-exercises,kunchi68,2018-06-28T07:24:27Z
138979471,https://github.com/mateusz-koziel/sublime-text-respect-words,mateusz-koziel,2018-06-28T07:03:32Z
138983696,https://github.com/genandlam/data-processing-various-dataset,genandlam,2018-06-28T07:39:54Z
138980827,https://github.com/uit15520691/Sudoku_solver,uit15520691,2018-06-28T07:14:49Z
138985859,https://github.com/gaspergrom/Iris-detection,gaspergrom,2018-06-28T07:58:43Z