48785075,https://github.com/scivision/soothing-sounds,scivision,2015-12-30T06:09:41Z
48786634,https://github.com/stevelitt/amounter,stevelitt,2015-12-30T06:47:35Z
48787029,https://github.com/mon95/Solutions-to-Using-Python-To-Access-Web-Data-Course,mon95,2015-12-30T06:58:37Z
48786207,https://github.com/ihao/crac_exam,ihao,2015-12-30T06:37:55Z
48785398,https://github.com/lfx/hammerpy,lfx,2015-12-30T06:16:38Z
48785557,https://github.com/Lonesome-George/link_predict,Lonesome-George,2015-12-30T06:20:19Z
48785369,https://github.com/kai1945/PythonBasicStudy,kai1945,2015-12-30T06:15:44Z
48785627,https://github.com/gufanyi/monitor,gufanyi,2015-12-30T06:22:15Z
48786242,https://github.com/RodrigoVillatoro/flask_blog,RodrigoVillatoro,2015-12-30T06:38:36Z
48785418,https://github.com/rrazban/ppiscripts,rrazban,2015-12-30T06:17:05Z
48785822,https://github.com/NirmalVatsyayan/learn,NirmalVatsyayan,2015-12-30T06:27:14Z
48784744,https://github.com/doubledherin/FunWithScrapy,doubledherin,2015-12-30T06:00:56Z
48785058,https://github.com/gddk/twilio_tut,gddk,2015-12-30T06:09:12Z
48785640,https://github.com/LordDarkula/Python-Projects,LordDarkula,2015-12-30T06:22:32Z
48785005,https://github.com/DhariniJeeva/twitterProject,DhariniJeeva,2015-12-30T06:08:06Z
48785383,https://github.com/futuresystems-courses/475-Analysis-of-Malware-Connections-to-Command-and-Control-Servers-Ralph,futuresystems-courses,2015-12-30T06:16:15Z
48784779,https://github.com/lboddapati/vta-evaluation,lboddapati,2015-12-30T06:02:03Z
48786236,https://github.com/albbosgom/directorio,albbosgom,2015-12-30T06:38:27Z
48786469,https://github.com/Atomath/seer-py,Atomath,2015-12-30T06:43:30Z