38279108,https://github.com/rnewton/opauth_reddit,rnewton,2015-06-30T00:46:39Z
38277995,https://github.com/ahmetilhann/Bulutfon-Notifications-With-Hipchat-and-Slack,ahmetilhann,2015-06-30T00:12:01Z
38277666,https://github.com/ekoharry/listview-json,ekoharry,2015-06-30T00:00:47Z
38279164,https://github.com/wp-plugins/rubaiyat,wp-plugins,2015-06-30T00:48:09Z
38279210,https://github.com/salvachz/quiz-web-service,salvachz,2015-06-30T00:49:24Z
38279524,https://github.com/leftdevel/test,leftdevel,2015-06-30T00:58:31Z
38278038,https://github.com/laravel-commode/navigation-bag,laravel-commode,2015-06-30T00:13:54Z
38277897,https://github.com/ollers/plugins,ollers,2015-06-30T00:08:48Z
38278572,https://github.com/wp-plugins/simply-feed,wp-plugins,2015-06-30T00:31:02Z
38277844,https://github.com/nicost/phplabware,nicost,2015-06-30T00:06:46Z
38278769,https://github.com/drakeapps/backgammon-online-web,drakeapps,2015-06-30T00:36:59Z
38279161,https://github.com/abeilleabejorro/Halsbrook,abeilleabejorro,2015-06-30T00:48:05Z
38278222,https://github.com/chelseafranz/fruit,chelseafranz,2015-06-30T00:20:21Z