256910764,https://github.com/bbpp222006/Princess-connection,bbpp222006,2020-04-19T04:06:39Z
256913378,https://github.com/kylebarron/landsat-mosaic-latest,kylebarron,2020-04-19T04:25:37Z
256917900,https://github.com/iotwithit/openmv-catsvsdogs-classification,iotwithit,2020-04-19T04:59:14Z
256914521,https://github.com/xiaowuc2/Virtual-Assistant-Individual-task,xiaowuc2,2020-04-19T04:33:55Z
256914141,https://github.com/4627488/Dingtalk-Download,4627488,2020-04-19T04:30:48Z
256917256,https://github.com/sayand0122/Voice-recognition-demo,sayand0122,2020-04-19T04:54:45Z
256915573,https://github.com/india-in-data/india-states-2019,india-in-data,2020-04-19T04:42:00Z
256910147,https://github.com/RiteshMC/docker-django-mysql,RiteshMC,2020-04-19T04:01:57Z
256911920,https://github.com/MohaTech10/WeatherApp,MohaTech10,2020-04-19T04:14:59Z
256916954,https://github.com/DylanB5402/WardScraper,DylanB5402,2020-04-19T04:52:19Z
256915058,https://github.com/TienPhuocNguyen/stereo-matching-AtrousNet,TienPhuocNguyen,2020-04-19T04:38:01Z
256917528,https://github.com/OutRite/PokeTools,OutRite,2020-04-19T04:56:39Z
256913002,https://github.com/MurphyPone/epic-rpg-huntr,MurphyPone,2020-04-19T04:22:49Z
256913306,https://github.com/jkimthu/daily-idiom,jkimthu,2020-04-19T04:25:02Z
256915188,https://github.com/keithkuchenbrod/Comnet-Final-Project,keithkuchenbrod,2020-04-19T04:39:01Z
256914031,https://github.com/schiffini/access-control-face-recognition,schiffini,2020-04-19T04:30:00Z
256916150,https://github.com/kenkensik/hellopython,kenkensik,2020-04-19T04:46:22Z
256915508,https://github.com/nlam511/Trader,nlam511,2020-04-19T04:41:24Z
256916591,https://github.com/bfmcneill/dbRESTAPP,bfmcneill,2020-04-19T04:49:40Z
256912810,https://github.com/Rayliu927/paper-recommendation,Rayliu927,2020-04-19T04:21:25Z
256914132,https://github.com/eeeBay/consumer_complaints,eeeBay,2020-04-19T04:30:43Z
256917829,https://github.com/jsmartini/SMAbot,jsmartini,2020-04-19T04:58:44Z
256910249,https://github.com/kelvin-jose/roBERTa-QandA,kelvin-jose,2020-04-19T04:02:44Z
256915502,https://github.com/severinaklingler/greenpi_server,severinaklingler,2020-04-19T04:41:21Z
256916209,https://github.com/amryamanah/recipe-app-api,amryamanah,2020-04-19T04:46:46Z
256915878,https://github.com/MrCocoaCat/ActiveMQ,MrCocoaCat,2020-04-19T04:44:20Z
256911619,https://github.com/NikiRavi/I.M.R.E-Intelligent_Movie_Recommendation_System,NikiRavi,2020-04-19T04:12:54Z
256914528,https://github.com/lewis-morris/resNet-python,lewis-morris,2020-04-19T04:33:59Z
256913201,https://github.com/crowdbotics-apps/messenger-16000,crowdbotics-apps,2020-04-19T04:24:18Z
256914074,https://github.com/lcallahan1/domain_rank,lcallahan1,2020-04-19T04:30:18Z
256912960,https://github.com/ThamyresAbal/ExerciciosPython,ThamyresAbal,2020-04-19T04:22:34Z
256915616,https://github.com/zetbouaka/study-coder,zetbouaka,2020-04-19T04:42:25Z
256917341,https://github.com/Alaminakondo/salman,Alaminakondo,2020-04-19T04:55:17Z
256916539,https://github.com/challengezcy/tzlife,challengezcy,2020-04-19T04:49:14Z
256911322,https://github.com/lovehacker404/Dragon007,lovehacker404,2020-04-19T04:10:47Z
256911079,https://github.com/OSM-DM-KGP/Narmada-dlnlp,OSM-DM-KGP,2020-04-19T04:08:50Z
256912952,https://github.com/ckwjdrl871026/wjdrl,ckwjdrl871026,2020-04-19T04:22:32Z
256910220,https://github.com/qq329999897/p1_git_demo,qq329999897,2020-04-19T04:02:33Z
256914726,https://github.com/morsasoftware/my-first-blog,morsasoftware,2020-04-19T04:35:24Z
256914842,https://github.com/ivywu0807/metaclass.py,ivywu0807,2020-04-19T04:36:16Z
256912382,https://github.com/kinnosan/my-first-blog,kinnosan,2020-04-19T04:18:17Z
256917814,https://github.com/himanshupc11/GameProject,himanshupc11,2020-04-19T04:58:40Z
256913577,https://github.com/ethanglaser/Spotify,ethanglaser,2020-04-19T04:26:58Z
256910404,https://github.com/alexwitt2399/Bird-Song-ConvGRU,alexwitt2399,2020-04-19T04:03:45Z
256915071,https://github.com/MoBattah/TestDrivenDevelopment,MoBattah,2020-04-19T04:38:04Z
256911815,https://github.com/fangcm/my_excel_tools,fangcm,2020-04-19T04:14:14Z
256910729,https://github.com/tylerlum/Circle_Ci_Testing,tylerlum,2020-04-19T04:06:18Z
256916054,https://github.com/AustinArrington87/soc-app,AustinArrington87,2020-04-19T04:45:44Z
256915773,https://github.com/fgaudin/protoconsole-python,fgaudin,2020-04-19T04:43:32Z
256917487,https://github.com/DanyuWang/Web_Scraping_Files,DanyuWang,2020-04-19T04:56:13Z
256913599,https://github.com/chunduri11/Session_10_RL_TD3,chunduri11,2020-04-19T04:27:09Z
256913976,https://github.com/ThamyresAbal/ListaExerciciosPython,ThamyresAbal,2020-04-19T04:29:40Z
256910064,https://github.com/ivywu0807/metaclass_ivywu,ivywu0807,2020-04-19T04:01:12Z
256911724,https://github.com/ThamyresAbal/ProjetoAssistentePessoal,ThamyresAbal,2020-04-19T04:13:38Z
256913420,https://github.com/AntonyRajeev/Python-codes,AntonyRajeev,2020-04-19T04:25:53Z
256913837,https://github.com/Mahi0619/COVID19,Mahi0619,2020-04-19T04:28:46Z
256917136,https://github.com/vskulkarni31/proSR,vskulkarni31,2020-04-19T04:53:47Z
256915640,https://github.com/simonjulianl/django_website,simonjulianl,2020-04-19T04:42:33Z
256910716,https://github.com/Sepiano15/my-first-blog,Sepiano15,2020-04-19T04:06:12Z
256912014,https://github.com/Karess123/final-project,Karess123,2020-04-19T04:15:40Z
256911463,https://github.com/noahweinberg/Incarceration,noahweinberg,2020-04-19T04:11:53Z
256912527,https://github.com/TharakaSairamNarina/django-demo,TharakaSairamNarina,2020-04-19T04:19:22Z
256914551,https://github.com/iamxris/wordcount-project,iamxris,2020-04-19T04:34:07Z
256915360,https://github.com/idraney/CarND-Kalman-Filters,idraney,2020-04-19T04:40:15Z
256917685,https://github.com/atusneem/data-prep,atusneem,2020-04-19T04:57:44Z
256914083,https://github.com/boddachappu/Django_udemy,boddachappu,2020-04-19T04:30:21Z
256910263,https://github.com/hanruqing/P1_git_demo,hanruqing,2020-04-19T04:02:50Z
256911301,https://github.com/Charger1256A/complex_space_invaders,Charger1256A,2020-04-19T04:10:36Z
256916023,https://github.com/deaggili/command_hello,deaggili,2020-04-19T04:45:26Z
256912200,https://github.com/shogo-uchida/my-first-blog,shogo-uchida,2020-04-19T04:16:59Z
256911101,https://github.com/duthang98/deep-learning,duthang98,2020-04-19T04:08:59Z
256916211,https://github.com/TactileInternet/TCPSbed,TactileInternet,2020-04-19T04:46:47Z
256911997,https://github.com/Roshan-0063/python-random-quote,Roshan-0063,2020-04-19T04:15:31Z
256915693,https://github.com/luidis2020/OPF-MV-Distribution-Network,luidis2020,2020-04-19T04:42:58Z
256917430,https://github.com/subhamsagar524/Voice-Based-Mailing-from-Terminal,subhamsagar524,2020-04-19T04:55:52Z
256914410,https://github.com/Keenwawa/TravisCI_databricks_test,Keenwawa,2020-04-19T04:32:50Z
256914544,https://github.com/BITS-Periodical-Society/helper-scripts,BITS-Periodical-Society,2020-04-19T04:34:05Z
256914293,https://github.com/ShirleyGxd/EEVRSR,ShirleyGxd,2020-04-19T04:31:58Z
256911472,https://github.com/vishu47/Games,vishu47,2020-04-19T04:11:56Z
256910229,https://github.com/new202004/P1_git_demo,new202004,2020-04-19T04:02:37Z
256915763,https://github.com/pineapple-big/python,pineapple-big,2020-04-19T04:43:28Z
256915090,https://github.com/Feroz2006/CoolProjects,Feroz2006,2020-04-19T04:38:12Z
256911260,https://github.com/ugupta-pm/Pipeline-Testing,ugupta-pm,2020-04-19T04:10:16Z
256913728,https://github.com/Environmental-Informatics/09-data-quality-checking-thejibin,Environmental-Informatics,2020-04-19T04:28:05Z
256917546,https://github.com/keithkuchenbrod/Deep-Learning-Final-Project,keithkuchenbrod,2020-04-19T04:56:46Z
256916769,https://github.com/fainorr/laf_adventure,fainorr,2020-04-19T04:51:00Z
256913765,https://github.com/irene1014/insight-code,irene1014,2020-04-19T04:28:19Z
256914555,https://github.com/grayTurtle01/django,grayTurtle01,2020-04-19T04:34:10Z
256916484,https://github.com/anushkahd/Python_GUI_Tkinter,anushkahd,2020-04-19T04:48:48Z
256913276,https://github.com/southpush/music_together,southpush,2020-04-19T04:24:51Z
256914730,https://github.com/BooleanlN/simulateRobot,BooleanlN,2020-04-19T04:35:25Z
256915381,https://github.com/jayfry1077/runeterra_audio,jayfry1077,2020-04-19T04:40:24Z
256910332,https://github.com/ainunfarichah/week-11-12,ainunfarichah,2020-04-19T04:03:19Z
256910465,https://github.com/MrJetYang/PythonApplication1,MrJetYang,2020-04-19T04:04:20Z
256912659,https://github.com/frederykantunnes/CURSO-back-front-simplemooc-django,frederykantunnes,2020-04-19T04:20:16Z
256912904,https://github.com/zxqlxy/Spectral_Data_Reconstruction,zxqlxy,2020-04-19T04:22:08Z
256912978,https://github.com/kjones1511/BlackjackImproved,kjones1511,2020-04-19T04:22:40Z
256916496,https://github.com/maiquelleonel/space_shooter,maiquelleonel,2020-04-19T04:48:54Z
256910444,https://github.com/kingxiaofire/ACG-oriented-programming,kingxiaofire,2020-04-19T04:04:05Z
256914751,https://github.com/Hichu44/Test,Hichu44,2020-04-19T04:35:38Z
256915860,https://github.com/pavanirayidi/PythonPrograming,pavanirayidi,2020-04-19T04:44:10Z
256909938,https://github.com/jingcao33/SI-507-Final-Project,jingcao33,2020-04-19T04:00:12Z
256917452,https://github.com/ratamranjith/SeleniumWithPython,ratamranjith,2020-04-19T04:56:01Z
256916453,https://github.com/smpavella/productos,smpavella,2020-04-19T04:48:34Z
256916834,https://github.com/eeeBay/consumer,eeeBay,2020-04-19T04:51:32Z
256917160,https://github.com/devashishbiswas/sf-crime-data-project,devashishbiswas,2020-04-19T04:53:57Z
256912823,https://github.com/locnguyen14/CS539_MachineLearning,locnguyen14,2020-04-19T04:21:32Z
256911527,https://github.com/wetseng/python-challenge,wetseng,2020-04-19T04:12:22Z
256917938,https://github.com/kiwigi/codingPractice,kiwigi,2020-04-19T04:59:32Z
256912559,https://github.com/Canas/springer-free-ebooks-async,Canas,2020-04-19T04:19:32Z
256910020,https://github.com/denisdoci/conquer,denisdoci,2020-04-19T04:00:50Z
256910479,https://github.com/abdukhashimov/socketio,abdukhashimov,2020-04-19T04:04:28Z
256916120,https://github.com/Sawato/gail-driver,Sawato,2020-04-19T04:46:11Z
256910643,https://github.com/scofield-hello/pyargs,scofield-hello,2020-04-19T04:05:43Z
256915470,https://github.com/aishrath/CSV_Reader,aishrath,2020-04-19T04:41:03Z
256916903,https://github.com/atifazeez77/qwiklabs,atifazeez77,2020-04-19T04:51:59Z
256914725,https://github.com/zaihw/python-random-quote,zaihw,2020-04-19T04:35:24Z
256915602,https://github.com/wow32/japlearningbot,wow32,2020-04-19T04:42:16Z
256912041,https://github.com/HeaseoChung/LambdaFunctionWithDynamoDB,HeaseoChung,2020-04-19T04:15:55Z
256910304,https://github.com/w1032593545/hmsc,w1032593545,2020-04-19T04:03:07Z
256910662,https://github.com/mitchkoj/food_portfolio,mitchkoj,2020-04-19T04:05:54Z
256915446,https://github.com/nguyentienlong/tweetapp,nguyentienlong,2020-04-19T04:40:56Z
256914228,https://github.com/Delannov/recipe-app-api,Delannov,2020-04-19T04:31:28Z
256910389,https://github.com/javales/udemy-recipe-app-api,javales,2020-04-19T04:03:41Z
256911635,https://github.com/zlfn/Hashcheck,zlfn,2020-04-19T04:13:01Z
256914973,https://github.com/rlee32/tsp-dd-solver,rlee32,2020-04-19T04:37:16Z
256917809,https://github.com/yh-habosol/MachineLearning,yh-habosol,2020-04-19T04:58:37Z
256916139,https://github.com/shotas7788/hobopy,shotas7788,2020-04-19T04:46:18Z
256910352,https://github.com/AbhayRoy234/covi19,AbhayRoy234,2020-04-19T04:03:30Z
256910503,https://github.com/banboo8321/web_socket_server,banboo8321,2020-04-19T04:04:42Z
256915541,https://github.com/danon6868/Bracteacoccus_metagenome,danon6868,2020-04-19T04:41:42Z
256913490,https://github.com/TheAlex009/king,TheAlex009,2020-04-19T04:26:19Z
256912625,https://github.com/itsamitkr/aws-serverless-lambda,itsamitkr,2020-04-19T04:20:00Z
256909975,https://github.com/akshaykumarpolicepatil/Rockpaperscissor,akshaykumarpolicepatil,2020-04-19T04:00:27Z
256916743,https://github.com/AngleOldPig/autoWh,AngleOldPig,2020-04-19T04:50:47Z
256913796,https://github.com/vanshika97/covid19_visualization,vanshika97,2020-04-19T04:28:30Z
256914411,https://github.com/mokoto419/lgtm,mokoto419,2020-04-19T04:32:50Z
256916901,https://github.com/michaelacruz/ds_salary_proj,michaelacruz,2020-04-19T04:51:59Z
256912298,https://github.com/aditya109/upgrade-controller,aditya109,2020-04-19T04:17:50Z
256910386,https://github.com/DataScience45/Python,DataScience45,2020-04-19T04:03:40Z
256911850,https://github.com/Jason-Chieh-Lee/N-Body-Physics-Problem,Jason-Chieh-Lee,2020-04-19T04:14:30Z
256914039,https://github.com/gergerov/bufer,gergerov,2020-04-19T04:30:02Z
256910287,https://github.com/alinuxguru/hello_world,alinuxguru,2020-04-19T04:02:58Z
256912163,https://github.com/quanthero/python_abc,quanthero,2020-04-19T04:16:46Z
256911091,https://github.com/jam82/ansible-role-ipv6,jam82,2020-04-19T04:08:54Z
256910393,https://github.com/joshuayadao/AI-Dutch_vs_English_Guesser,joshuayadao,2020-04-19T04:03:42Z
256913749,https://github.com/BAmercury/SDR_Class,BAmercury,2020-04-19T04:28:13Z
256910651,https://github.com/PythonerKK/medical,PythonerKK,2020-04-19T04:05:46Z
256911164,https://github.com/tkatska/D10,tkatska,2020-04-19T04:09:29Z
256912656,https://github.com/cdyfng/pyetheroll,cdyfng,2020-04-19T04:20:15Z
256916969,https://github.com/twistedogic/vegas,twistedogic,2020-04-19T04:52:25Z
256917069,https://github.com/lovelys1/00,lovelys1,2020-04-19T04:53:18Z
256914236,https://github.com/ThamyresAbal/Lista2ExerciciosPython,ThamyresAbal,2020-04-19T04:31:31Z
256913550,https://github.com/chrisjg3/desktop_app,chrisjg3,2020-04-19T04:26:49Z
256916249,https://github.com/JiaYingDong/learngit,JiaYingDong,2020-04-19T04:47:06Z
256910806,https://github.com/linkelumalai/docker,linkelumalai,2020-04-19T04:07:01Z
256914727,https://github.com/aniketadi/PythonTutorial,aniketadi,2020-04-19T04:35:25Z
256914333,https://github.com/dncode-one/Instagram-scraping,dncode-one,2020-04-19T04:32:18Z
256915023,https://github.com/Zyss7/ProyectoFinal,Zyss7,2020-04-19T04:37:45Z
256911212,https://github.com/akdhandy/ENPM-673-Project-4-Lucas-Kanade-Tracker,akdhandy,2020-04-19T04:09:55Z
256916924,https://github.com/ArqSoft-2020/sap_amigos_ms_2,ArqSoft-2020,2020-04-19T04:52:07Z
256911095,https://github.com/blentle/nlp-study,blentle,2020-04-19T04:08:56Z
256914873,https://github.com/raushan007/CurrencyDetection,raushan007,2020-04-19T04:36:28Z
256915068,https://github.com/BlaiseDurkin/Physics-Simulation,BlaiseDurkin,2020-04-19T04:38:04Z
256915523,https://github.com/cwei01/Gotta-Find-Them-All,cwei01,2020-04-19T04:41:30Z
256910189,https://github.com/shreyarrrr/CVGooglyEyes,shreyarrrr,2020-04-19T04:02:15Z
256911521,https://github.com/CoderBinGe/chat,CoderBinGe,2020-04-19T04:12:20Z
256916036,https://github.com/nddung105/PDF_extract,nddung105,2020-04-19T04:45:31Z
256912160,https://github.com/gaopenghong/Automation_Test,gaopenghong,2020-04-19T04:16:45Z
256911584,https://github.com/SinaKhalili/biomedical-computing-project-backend,SinaKhalili,2020-04-19T04:12:42Z
256913116,https://github.com/sungjun-jin/converse_test,sungjun-jin,2020-04-19T04:23:40Z
256916128,https://github.com/crispyyv/db_labs,crispyyv,2020-04-19T04:46:15Z
256910999,https://github.com/mdevino/automated-testing-with-python,mdevino,2020-04-19T04:08:17Z
256915133,https://github.com/Shovon588/Programming,Shovon588,2020-04-19T04:38:31Z
256914627,https://github.com/prefect12/jobFinder,prefect12,2020-04-19T04:34:45Z