3484740,https://github.com/fuxiang90/crawl-linux,fuxiang90,2012-02-19T10:44:54Z
3484771,https://github.com/huba/PyAsciiArt,huba,2012-02-19T10:50:17Z
3484779,https://github.com/mnlipp/Circuits-Minimal-Portal,mnlipp,2012-02-19T10:52:35Z
3484736,https://github.com/Artanis/pygcui,Artanis,2012-02-19T10:43:59Z