10208634,https://github.com/zzzeek/mako,zzzeek,2013-05-22T00:54:51Z
10208071,https://github.com/GorillaNation/pipestash,GorillaNation,2013-05-22T00:07:03Z
10208459,https://github.com/alessiodm/divthink,alessiodm,2013-05-22T00:40:06Z
10208076,https://github.com/shockkolate/weechat-scripts,shockkolate,2013-05-22T00:07:22Z
10208085,https://github.com/bdecoste/openshift-origin-cartridge-infinispan,bdecoste,2013-05-22T00:08:02Z
10208340,https://github.com/gasmask109/RPGEngine,gasmask109,2013-05-22T00:30:26Z
10208130,https://github.com/susutou/task-identification,susutou,2013-05-22T00:10:44Z
10208541,https://github.com/bboalimoe/vimplugin,bboalimoe,2013-05-22T00:47:44Z
10208503,https://github.com/imbang/duration_hara,imbang,2013-05-22T00:43:57Z
10208641,https://github.com/brettlangdon/mongorest,brettlangdon,2013-05-22T00:55:19Z
10208019,https://github.com/ishehata/bankam,ishehata,2013-05-22T00:03:47Z
10208212,https://github.com/shooshx/rasp,shooshx,2013-05-22T00:19:10Z
10208061,https://github.com/Ciemny/PSI,Ciemny,2013-05-22T00:06:21Z
10208627,https://github.com/Gricha/GrammarGenerator,Gricha,2013-05-22T00:54:25Z
10208513,https://github.com/bwillers/pyclust,bwillers,2013-05-22T00:44:46Z
10208352,https://github.com/loldgit/divers,loldgit,2013-05-22T00:31:24Z
10208192,https://github.com/circlecycle/SHML,circlecycle,2013-05-22T00:17:11Z