2257876,https://github.com/rowanmanning/topsy-php,rowanmanning,2011-08-23T21:11:30Z
2257840,https://github.com/fungiboletus/WebDiskettes,fungiboletus,2011-08-23T21:04:30Z
2257981,https://github.com/Evilzebra/avery-product-listing,Evilzebra,2011-08-23T21:28:42Z