814461,https://github.com/smgladkovskiy/kohana-ipbwi,smgladkovskiy,2010-08-03T12:46:17Z
814427,https://github.com/lambovg/nicecomponent,lambovg,2010-08-03T12:29:17Z
814437,https://github.com/lambovg/niceautoload,lambovg,2010-08-03T12:34:33Z