393949720,https://github.com/Tobithedev/devchat,Tobithedev,2021-08-08T12:08:42Z
393952161,https://github.com/jiutu/php,jiutu,2021-08-08T12:19:39Z
393954827,https://github.com/riverwaysoft/dto-converter,riverwaysoft,2021-08-08T12:31:27Z
393956108,https://github.com/Seifobeid2020/admin-blog,Seifobeid2020,2021-08-08T12:37:06Z
393955192,https://github.com/zielony12/baza-danych-imion,zielony12,2021-08-08T12:33:08Z
393950015,https://github.com/huuhieu17/twill,huuhieu17,2021-08-08T12:09:55Z
393954307,https://github.com/SysmPRO/simple-http-proxy-server,SysmPRO,2021-08-08T12:29:14Z
393960378,https://github.com/Poltos021/blog-php,Poltos021,2021-08-08T12:55:48Z
393958157,https://github.com/premdeepika123/CurdOperationsDemo,premdeepika123,2021-08-08T12:45:57Z
393951006,https://github.com/wischerdson/webcanape,wischerdson,2021-08-08T12:14:25Z
393950450,https://github.com/AnkitRastogi238/posty,AnkitRastogi238,2021-08-08T12:11:48Z
393960763,https://github.com/webdevyriy/art-lessons-1,webdevyriy,2021-08-08T12:57:29Z
393955537,https://github.com/imdewan/get-news,imdewan,2021-08-08T12:34:40Z
393952597,https://github.com/xanefilippov/laravel-resize-image,xanefilippov,2021-08-08T12:21:38Z
393960984,https://github.com/HasanbekElmurodov/University,HasanbekElmurodov,2021-08-08T12:58:30Z
393952767,https://github.com/viplavpandhurnekar/tsfbank,viplavpandhurnekar,2021-08-08T12:22:26Z
393949931,https://github.com/stevy-sys/mon-framework,stevy-sys,2021-08-08T12:09:34Z
393957857,https://github.com/499961616/laravel-shop-3,499961616,2021-08-08T12:44:45Z
393949543,https://github.com/glogi32/BlogApi,glogi32,2021-08-08T12:07:57Z
393957171,https://github.com/ilhamprasetyo/MyHRIS,ilhamprasetyo,2021-08-08T12:41:48Z
393953862,https://github.com/otamasan8/advancedkarapj2.20210808.secondcommit,otamasan8,2021-08-08T12:27:15Z
393958941,https://github.com/inoue-tak/inoue1,inoue-tak,2021-08-08T12:49:33Z
393955395,https://github.com/knysh-irina/test-app,knysh-irina,2021-08-08T12:34:02Z
393950066,https://github.com/najibu/rightmove_web_crawler,najibu,2021-08-08T12:10:09Z
393952461,https://github.com/rohimoz28/absen-pegawai,rohimoz28,2021-08-08T12:20:58Z
393949604,https://github.com/Danila-Gosden/ToDoList-SPA,Danila-Gosden,2021-08-08T12:08:12Z
393953721,https://github.com/AmrKahla6/socket-io,AmrKahla6,2021-08-08T12:26:39Z
393961173,https://github.com/eksamsia/project,eksamsia,2021-08-08T12:59:21Z
393954676,https://github.com/imdewan/php-google-image,imdewan,2021-08-08T12:30:51Z
393954704,https://github.com/Shifalee/Covid-19-live-tracker,Shifalee,2021-08-08T12:30:56Z
393960457,https://github.com/devsadman/AWD-Class5-Classwork,devsadman,2021-08-08T12:56:10Z
393949937,https://github.com/miladrahimi/holoo,miladrahimi,2021-08-08T12:09:36Z
393948814,https://github.com/mormoroz/massive,mormoroz,2021-08-08T12:04:55Z
393951514,https://github.com/nodoguro68/laravel_memo_app,nodoguro68,2021-08-08T12:16:34Z
393957460,https://github.com/flagship-io/code-samples,flagship-io,2021-08-08T12:42:58Z
393957746,https://github.com/Sabbir2809/inotes-crud-project,Sabbir2809,2021-08-08T12:44:12Z
393959141,https://github.com/Redpanda2/blog-php-procedural,Redpanda2,2021-08-08T12:50:25Z
393958718,https://github.com/yigitopan/herokuProjects,yigitopan,2021-08-08T12:48:32Z
393955466,https://github.com/ilhamprasetyo/CutiKu,ilhamprasetyo,2021-08-08T12:34:21Z
393955234,https://github.com/Jacop1989/lemp_dock,Jacop1989,2021-08-08T12:33:17Z
393959391,https://github.com/abhishek3005-netizen/API,abhishek3005-netizen,2021-08-08T12:51:29Z
393957133,https://github.com/xia65257/hello_larave,xia65257,2021-08-08T12:41:36Z
393960045,https://github.com/glori4n/laravel-relationships-exercise,glori4n,2021-08-08T12:54:14Z
393959185,https://github.com/inoue-tak/inoue4,inoue-tak,2021-08-08T12:50:34Z
393955564,https://github.com/Vatia13/wtmc,Vatia13,2021-08-08T12:34:47Z
393957700,https://github.com/rezaDstras/currentsnews,rezaDstras,2021-08-08T12:43:59Z
393950488,https://github.com/IlyaZholobov/media_task,IlyaZholobov,2021-08-08T12:11:58Z
393954050,https://github.com/el-mardi/e-commerce,el-mardi,2021-08-08T12:28:07Z
393950900,https://github.com/hirohiro716/my-bookmarks,hirohiro716,2021-08-08T12:13:55Z
393958625,https://github.com/fabio460/api--titulo-descricao,fabio460,2021-08-08T12:48:01Z
393951108,https://github.com/codeastrology-dev/wc-min-max-quantity-step-control-global,codeastrology-dev,2021-08-08T12:14:52Z
393951162,https://github.com/SvetlanaTatas/AmoCRM_test,SvetlanaTatas,2021-08-08T12:15:06Z
393951766,https://github.com/Vaasuuu72/BGVChatApp,Vaasuuu72,2021-08-08T12:17:49Z
393956539,https://github.com/jacksom0428/lijiang_test01,jacksom0428,2021-08-08T12:39:01Z
393955196,https://github.com/dashifen/mdiv-downlaoder,dashifen,2021-08-08T12:33:09Z
393960905,https://github.com/patrickmaynard/symfony-five-sonata-docker-template,patrickmaynard,2021-08-08T12:58:08Z
393958380,https://github.com/zhouhut/swoole_frame,zhouhut,2021-08-08T12:46:54Z