6211108,https://github.com/bendyer/m9tools,bendyer,2012-10-14T06:15:05Z
6211175,https://github.com/dilshod/UpdateXcode,dilshod,2012-10-14T06:29:30Z
6211217,https://github.com/chenchiyuan/shadow,chenchiyuan,2012-10-14T06:39:37Z
6211234,https://github.com/athetius/pyweather,athetius,2012-10-14T06:42:34Z
6211097,https://github.com/alexsmx/coto_frictionless,alexsmx,2012-10-14T06:12:21Z
6211049,https://github.com/kccarrol/csc480-genetic-algo-project,kccarrol,2012-10-14T06:04:48Z