154864560,https://github.com/MaibornWolff/dcos-deploy,MaibornWolff,2018-10-26T16:38:45Z
154865586,https://github.com/yelongshen/GraphWalk,yelongshen,2018-10-26T16:47:52Z
154863059,https://github.com/wrap-away/Marvel-API,wrap-away,2018-10-26T16:26:14Z
154866920,https://github.com/lebedov/imshowpair,lebedov,2018-10-26T16:59:35Z
154860579,https://github.com/Maggi-Chen/DeBreak,Maggi-Chen,2018-10-26T16:05:31Z
154864773,https://github.com/Yi-Jiang/DRAMS,Yi-Jiang,2018-10-26T16:40:45Z
154866265,https://github.com/mehulghosal/LeadZeppelin,mehulghosal,2018-10-26T16:53:43Z
154862504,https://github.com/hanleyel/SI_650_Group_Project,hanleyel,2018-10-26T16:21:40Z
154865626,https://github.com/BTK203/Vision,BTK203,2018-10-26T16:48:11Z
154861480,https://github.com/JerryZeyu/QANet-Pytorch,JerryZeyu,2018-10-26T16:13:11Z
154864591,https://github.com/icennaise/PixivSpider,icennaise,2018-10-26T16:39:02Z
154864659,https://github.com/compat-project/QCG-PilotJob,compat-project,2018-10-26T16:39:41Z
154861917,https://github.com/abha-b/crawling-reddit,abha-b,2018-10-26T16:16:48Z
154861157,https://github.com/zandaoguang/wechat_emotion,zandaoguang,2018-10-26T16:10:12Z
154864944,https://github.com/Hansxsourse/DIgit-Recognizer,Hansxsourse,2018-10-26T16:42:09Z
154864223,https://github.com/scottherold/django_wall,scottherold,2018-10-26T16:35:47Z
154863795,https://github.com/Hansxsourse/CSV-Stitcher,Hansxsourse,2018-10-26T16:31:49Z
154864785,https://github.com/kouroshHakha/DRL_project,kouroshHakha,2018-10-26T16:40:53Z
154863035,https://github.com/khannay/HCRSimPY,khannay,2018-10-26T16:26:08Z
154863810,https://github.com/ccieescort/ansible_course_2018,ccieescort,2018-10-26T16:31:57Z
154863596,https://github.com/gaurav3010/News-Bot,gaurav3010,2018-10-26T16:30:11Z
154861950,https://github.com/cl344/Battery-Switching-Parallel-Robot,cl344,2018-10-26T16:17:01Z
154860371,https://github.com/PatrickKvartsaniy/Facebook-hack,PatrickKvartsaniy,2018-10-26T16:03:51Z
154861526,https://github.com/Liquidten/SVM,Liquidten,2018-10-26T16:13:30Z
154860187,https://github.com/gladunvv/PythonTask,gladunvv,2018-10-26T16:02:26Z
154860723,https://github.com/adithyaiyer1999/code-fun-doo,adithyaiyer1999,2018-10-26T16:06:38Z
154864855,https://github.com/JumboCode/django-postgres-tutorial,JumboCode,2018-10-26T16:41:26Z
154862636,https://github.com/victor141516/LinkedInEsCrap,victor141516,2018-10-26T16:22:41Z
154860425,https://github.com/muckitymuck/OSCP-Study-Guide,muckitymuck,2018-10-26T16:04:16Z
154866781,https://github.com/IgorZyktin/HeadHunter,IgorZyktin,2018-10-26T16:58:22Z
154862060,https://github.com/Yazdwivedi/Sentiment-Analysis-Using-Deep-Learning,Yazdwivedi,2018-10-26T16:17:58Z
154864241,https://github.com/Ojdana11/SmartRoom,Ojdana11,2018-10-26T16:35:56Z
154862181,https://github.com/ayushisneha/deploying,ayushisneha,2018-10-26T16:19:05Z
154861754,https://github.com/GBLin5566/FilmFestScheduler,GBLin5566,2018-10-26T16:15:23Z
154865532,https://github.com/jr117/proyecto1,jr117,2018-10-26T16:47:25Z
154865572,https://github.com/KetkiThosar/Python,KetkiThosar,2018-10-26T16:47:46Z
154866716,https://github.com/EngAndres/ciaia_page,EngAndres,2018-10-26T16:57:47Z
154860772,https://github.com/rajdeepyadav004/outlab11,rajdeepyadav004,2018-10-26T16:07:10Z
154860244,https://github.com/barleytea/python_puzzle,barleytea,2018-10-26T16:02:50Z
154861691,https://github.com/riccode/Marathon_Training_Study_Code,riccode,2018-10-26T16:14:49Z
154860037,https://github.com/boydndonga/attendanceApp,boydndonga,2018-10-26T16:01:11Z
154861032,https://github.com/ellinn7/lawyer_bot,ellinn7,2018-10-26T16:09:06Z
154866359,https://github.com/hutchisonrosekay/nps_qr,hutchisonrosekay,2018-10-26T16:54:27Z
154863896,https://github.com/Redux-TTV/Daily_Coding_Problems,Redux-TTV,2018-10-26T16:32:51Z
154863959,https://github.com/dpdenton/rotobook-server,dpdenton,2018-10-26T16:33:28Z
154864983,https://github.com/SushiMaki0/pwned_checker,SushiMaki0,2018-10-26T16:42:26Z
154865125,https://github.com/JamesNowak/chapter-8,JamesNowak,2018-10-26T16:43:46Z
154862255,https://github.com/modimal/learning-git,modimal,2018-10-26T16:19:46Z
154863257,https://github.com/kubabanasiak/trial,kubabanasiak,2018-10-26T16:27:34Z
154865617,https://github.com/CANicholson/PyAssignment,CANicholson,2018-10-26T16:48:04Z
154859996,https://github.com/mahawk/ProyecTaller,mahawk,2018-10-26T16:00:52Z
154863049,https://github.com/maheshc7/Market-Basket-Analysis,maheshc7,2018-10-26T16:26:12Z
154866924,https://github.com/abyswp/TravBot,abyswp,2018-10-26T16:59:37Z
154865062,https://github.com/ayush9818/mnist-using-convolutions,ayush9818,2018-10-26T16:43:03Z
154862034,https://github.com/robotarium/power_distribution,robotarium,2018-10-26T16:17:42Z
154863830,https://github.com/pl0pix/blog-napalm-intro,pl0pix,2018-10-26T16:32:11Z
154864006,https://github.com/RyanGaudion/KingsKidsScoreboard,RyanGaudion,2018-10-26T16:33:55Z
154860503,https://github.com/cnvallefuoco/Python_Lab2,cnvallefuoco,2018-10-26T16:04:59Z
154866943,https://github.com/jafar95/PythonBasics,jafar95,2018-10-26T16:59:50Z
154865989,https://github.com/paolafer/next_analysis,paolafer,2018-10-26T16:51:28Z
154864837,https://github.com/Bobdor/js-extractor,Bobdor,2018-10-26T16:41:19Z
154863346,https://github.com/kUSHAL0601/Badminton-Synchronization,kUSHAL0601,2018-10-26T16:28:18Z
154865283,https://github.com/so0p/CS3310-Advanced-Algorithms,so0p,2018-10-26T16:45:04Z
154860236,https://github.com/scottherold/django_gold_generator,scottherold,2018-10-26T16:02:43Z
154865477,https://github.com/mbrandalero/Emb2018-gem5-BOOM-configs,mbrandalero,2018-10-26T16:46:54Z
154862705,https://github.com/hljames/helloresearch-online-learning,hljames,2018-10-26T16:23:15Z
154866461,https://github.com/egorshustov/pyredcards,egorshustov,2018-10-26T16:55:19Z
154861891,https://github.com/Liffrey/python,Liffrey,2018-10-26T16:16:33Z
154861597,https://github.com/callmefrancis/google,callmefrancis,2018-10-26T16:14:06Z
154862790,https://github.com/glad77fr/BI,glad77fr,2018-10-26T16:23:58Z
154863084,https://github.com/alishalopes87/python_projects,alishalopes87,2018-10-26T16:26:28Z
154863087,https://github.com/nguyenkhanhtoan0511/clustering,nguyenkhanhtoan0511,2018-10-26T16:26:30Z
154860009,https://github.com/taratip/house-price-estimator,taratip,2018-10-26T16:00:59Z
154860512,https://github.com/Raashi/neural_networks,Raashi,2018-10-26T16:05:02Z
154866094,https://github.com/lo1ol/Implementation-scientific-DB,lo1ol,2018-10-26T16:52:19Z
154864440,https://github.com/mirmaker6/algorithms,mirmaker6,2018-10-26T16:37:38Z
154861586,https://github.com/tdhopper/pureNumbers,tdhopper,2018-10-26T16:14:04Z
154865982,https://github.com/l0rb/tradingbotsim,l0rb,2018-10-26T16:51:26Z
154860495,https://github.com/imriem/pycharm1,imriem,2018-10-26T16:04:54Z
154863573,https://github.com/Muddytm/scvi-scripts,Muddytm,2018-10-26T16:29:57Z
154864914,https://github.com/FansaOrz/face_recognition,FansaOrz,2018-10-26T16:41:56Z
154862490,https://github.com/SummitXY/PythonCLI,SummitXY,2018-10-26T16:21:35Z
154861498,https://github.com/cnvallefuoco/Python_Lab3,cnvallefuoco,2018-10-26T16:13:18Z
154865762,https://github.com/imriem/pycharmintroductioncourse,imriem,2018-10-26T16:49:34Z
154865135,https://github.com/xndong1020/rest_framework_demo,xndong1020,2018-10-26T16:43:50Z
154864540,https://github.com/hauserpierre/pyhton-server,hauserpierre,2018-10-26T16:38:33Z
154862488,https://github.com/TheoDaix/TP_anum,TheoDaix,2018-10-26T16:21:35Z
154862077,https://github.com/rishitoshsingh/machine-learning-a-z,rishitoshsingh,2018-10-26T16:18:07Z
154863321,https://github.com/scottherold/django_survey_form,scottherold,2018-10-26T16:28:04Z
154866757,https://github.com/chrakts/bridges,chrakts,2018-10-26T16:58:12Z
154862482,https://github.com/frawau/aioiotprov,frawau,2018-10-26T16:21:32Z
154864547,https://github.com/israelgal/montecarlo-26-10-2018,israelgal,2018-10-26T16:38:37Z
154862242,https://github.com/xingsw/Hello-World,xingsw,2018-10-26T16:19:39Z
154862289,https://github.com/TheBeeMC/leaderboard,TheBeeMC,2018-10-26T16:20:03Z
154862322,https://github.com/nyx3234/remote-sensor-server,nyx3234,2018-10-26T16:20:22Z
154863939,https://github.com/scottherold/django_login_and_registration,scottherold,2018-10-26T16:33:15Z
154864075,https://github.com/C3NZ/hackerrank,C3NZ,2018-10-26T16:34:33Z
154864408,https://github.com/cnvallefuoco/Python_Lab4,cnvallefuoco,2018-10-26T16:37:24Z
154864410,https://github.com/gxp4889/worldArtV,gxp4889,2018-10-26T16:37:24Z
154864382,https://github.com/EttoreDeGregorio/Python_Projects,EttoreDeGregorio,2018-10-26T16:37:10Z
154859954,https://github.com/seungwonpark/daiski-bot,seungwonpark,2018-10-26T16:00:31Z
154863072,https://github.com/Liquidten/KNN,Liquidten,2018-10-26T16:26:20Z
154862191,https://github.com/ChristopherBilg/urlformat,ChristopherBilg,2018-10-26T16:19:14Z
154860573,https://github.com/jennyxue1997/IDS.012-Final-Project,jennyxue1997,2018-10-26T16:05:28Z
154864243,https://github.com/ShreshthSaxena/Deep-Learning-CNN,ShreshthSaxena,2018-10-26T16:35:57Z
154861454,https://github.com/Ratsata/SivaAPI,Ratsata,2018-10-26T16:12:59Z
154860557,https://github.com/Pinarzaimoglu/PYTHON,Pinarzaimoglu,2018-10-26T16:05:23Z
154866176,https://github.com/cnvallefuoco/Python_Lab6,cnvallefuoco,2018-10-26T16:52:57Z
154866179,https://github.com/wesleysliao/psychophysioengr-midterm,wesleysliao,2018-10-26T16:52:58Z
154863068,https://github.com/FansaOrz/opencv_homework,FansaOrz,2018-10-26T16:26:19Z
154864574,https://github.com/YiHerngOng/perceptron_ML,YiHerngOng,2018-10-26T16:38:54Z
154866711,https://github.com/harrismohammed/CNN,harrismohammed,2018-10-26T16:57:44Z
154866558,https://github.com/VitaliiPolishchuk/video-translator,VitaliiPolishchuk,2018-10-26T16:56:10Z
154861936,https://github.com/alexandreMarquis/Projet1,alexandreMarquis,2018-10-26T16:16:56Z
154866702,https://github.com/ujjwal-raizada/Panic-Situation-Analyzer-codefundo,ujjwal-raizada,2018-10-26T16:57:41Z
154862067,https://github.com/Picroc/DE-Assignment,Picroc,2018-10-26T16:18:02Z
154862112,https://github.com/dvdmllr/karaoke,dvdmllr,2018-10-26T16:18:29Z
154861617,https://github.com/lrypto/illuminate-smart-contract,lrypto,2018-10-26T16:14:15Z
154862493,https://github.com/16vishalsharma/data_visualization,16vishalsharma,2018-10-26T16:21:36Z
154864505,https://github.com/nayamama/calendar_flask,nayamama,2018-10-26T16:38:11Z
154860099,https://github.com/scottherold/django_word_manipulator,scottherold,2018-10-26T16:01:42Z
154866453,https://github.com/XLAR-8/M-KIT,XLAR-8,2018-10-26T16:55:16Z
154861416,https://github.com/bartas1993/tkinter_first_gui,bartas1993,2018-10-26T16:12:35Z
154863500,https://github.com/JotellyBarros/simulations_Gazebo_Ros,JotellyBarros,2018-10-26T16:29:27Z
154864184,https://github.com/a50492002/Raspberry-Pi,a50492002,2018-10-26T16:35:28Z
154863828,https://github.com/asapzy/Snake,asapzy,2018-10-26T16:32:09Z
154861835,https://github.com/Pezaun/golo,Pezaun,2018-10-26T16:16:02Z
154859995,https://github.com/j-berg/ribopipe,j-berg,2018-10-26T16:00:52Z
154863095,https://github.com/dmitryAntipenko/notes-app,dmitryAntipenko,2018-10-26T16:26:33Z
154864642,https://github.com/TrevorShelby/Zoo,TrevorShelby,2018-10-26T16:39:33Z
154861395,https://github.com/DanteBortone/twoone,DanteBortone,2018-10-26T16:12:27Z
154864500,https://github.com/DeLucaJ/570lab2Episodic,DeLucaJ,2018-10-26T16:38:08Z
154860332,https://github.com/sajan777/PythonCode,sajan777,2018-10-26T16:03:32Z
154862279,https://github.com/clemsos/db-debutants,clemsos,2018-10-26T16:19:59Z
154860320,https://github.com/DeltaHarbinger/api_example,DeltaHarbinger,2018-10-26T16:03:29Z
154865774,https://github.com/CSA-JDM/False-Insignia,CSA-JDM,2018-10-26T16:49:37Z
154864750,https://github.com/bytewriter/ad-search,bytewriter,2018-10-26T16:40:32Z
154864867,https://github.com/aip777/Django1-11,aip777,2018-10-26T16:41:33Z
154865199,https://github.com/cnvallefuoco/Python_Lab5,cnvallefuoco,2018-10-26T16:44:22Z
154864405,https://github.com/SCarmo/Sorting-Animations,SCarmo,2018-10-26T16:37:22Z
154862299,https://github.com/Howokan/Django_toutorial,Howokan,2018-10-26T16:20:08Z
154863847,https://github.com/yudevan/SendangRejeki,yudevan,2018-10-26T16:32:24Z
154862942,https://github.com/liushaoye/PyWorkSpace,liushaoye,2018-10-26T16:25:18Z
154866922,https://github.com/tomas9807/pasivicprogram,tomas9807,2018-10-26T16:59:36Z
154865354,https://github.com/mfriebe2612/final_project_nanodegree,mfriebe2612,2018-10-26T16:45:37Z
154859878,https://github.com/upperwal/python-libp2p,upperwal,2018-10-26T16:00:01Z
154863128,https://github.com/Cwanyo/Snake-Bot,Cwanyo,2018-10-26T16:26:45Z
154865446,https://github.com/rjtwins/ArmaIronFrontArtyCalc,rjtwins,2018-10-26T16:46:27Z
154864935,https://github.com/nalfgar/districtoffice,nalfgar,2018-10-26T16:42:05Z
154865030,https://github.com/LucieTomiskova/flask_and_databases,LucieTomiskova,2018-10-26T16:42:49Z
154865225,https://github.com/lightningkite/knowledge-base-challenge,lightningkite,2018-10-26T16:44:35Z
154865504,https://github.com/RadioFreeAsia/Products.BigramSplitter-1.0,RadioFreeAsia,2018-10-26T16:47:08Z
154861448,https://github.com/rag77/pythonPratice,rag77,2018-10-26T16:12:54Z
154860715,https://github.com/LTU-AutoEV/tiny_keyboard_reader,LTU-AutoEV,2018-10-26T16:06:34Z
154866011,https://github.com/hammad7/Utils,hammad7,2018-10-26T16:51:40Z
154866184,https://github.com/jmartin1000/blogz,jmartin1000,2018-10-26T16:53:00Z
154861146,https://github.com/awharkrider/CPSC3320_Lab_Password_Cracking,awharkrider,2018-10-26T16:10:07Z
154866892,https://github.com/CTMObservatory/CTMO_Manager,CTMObservatory,2018-10-26T16:59:22Z
154865250,https://github.com/julienmalard/rchjnmrkll,julienmalard,2018-10-26T16:44:46Z
154865690,https://github.com/trzp/pipe,trzp,2018-10-26T16:48:49Z
154860846,https://github.com/clicketyclack/pydart,clicketyclack,2018-10-26T16:07:44Z
154864066,https://github.com/Charlie1910/project1,Charlie1910,2018-10-26T16:34:29Z
154866187,https://github.com/soncalee/MyPython,soncalee,2018-10-26T16:53:01Z
154866378,https://github.com/wevertor/Arvore-Rubro-Negra,wevertor,2018-10-26T16:54:34Z
154866542,https://github.com/Smrity01/spread-smiles,Smrity01,2018-10-26T16:56:01Z
154863511,https://github.com/hauserpierre/python-client,hauserpierre,2018-10-26T16:29:30Z
154864394,https://github.com/msieb1/mask-rcnn,msieb1,2018-10-26T16:37:16Z
154864131,https://github.com/maxrzaw/c4cs-f18-rpn,maxrzaw,2018-10-26T16:35:05Z
154863369,https://github.com/tijsmoree/numerical_final,tijsmoree,2018-10-26T16:28:27Z
154860040,https://github.com/rockmandash-dump/MovieTaiwan,rockmandash-dump,2018-10-26T16:01:13Z