10496211,https://github.com/dangogh/naturally,dangogh,2013-06-05T06:15:13Z