69371,https://github.com/garethr/django-fraggle,garethr,2008-10-29T19:43:04Z