1903092,https://github.com/grmcom/TouchLive,grmcom,2011-06-15T23:15:26Z
1903069,https://github.com/ip2k/pycliweather,ip2k,2011-06-15T23:07:43Z