42903237,https://github.com/paragonie/halite,paragonie,2015-09-22T01:19:08Z
42903137,https://github.com/chadian/wp-docker-experiment,chadian,2015-09-22T01:16:10Z
42904161,https://github.com/abhall724/PhpChess,abhall724,2015-09-22T01:40:28Z
42904435,https://github.com/chelco91/responsive-design-demo,chelco91,2015-09-22T01:46:17Z
42904513,https://github.com/fernandohu/MCATranslator,fernandohu,2015-09-22T01:47:42Z
42904063,https://github.com/j30206868/OGame-Robot,j30206868,2015-09-22T01:37:57Z
42904961,https://github.com/Romayne/MVC-MVVM-Annotations-Framework,Romayne,2015-09-22T01:57:31Z
42902911,https://github.com/tlcd96/FlameCMS-2_CI_3.0.1_exdemsys,tlcd96,2015-09-22T01:10:15Z
42903554,https://github.com/mattyhead/plg_pvballotdisplay,mattyhead,2015-09-22T01:26:23Z
42904556,https://github.com/src-run/wonka-bundle,src-run,2015-09-22T01:48:45Z
42904786,https://github.com/ellipsonic/thebuggenige_app,ellipsonic,2015-09-22T01:54:06Z
42902970,https://github.com/fernandohu/SimpleAuth,fernandohu,2015-09-22T01:11:34Z
42904252,https://github.com/Frazko/MyPortfolio,Frazko,2015-09-22T01:42:22Z
42904428,https://github.com/jpjava/TheCS148File,jpjava,2015-09-22T01:46:07Z
42904403,https://github.com/jpjava/TheCS148,jpjava,2015-09-22T01:45:22Z
42902509,https://github.com/noahfinn/dpltest,noahfinn,2015-09-22T01:01:14Z
42903404,https://github.com/Ditmar/school,Ditmar,2015-09-22T01:23:16Z