23453434,https://github.com/summerwind/h2spec,summerwind,2014-08-29T05:18:05Z
23453394,https://github.com/gengo/goloc,gengo,2014-08-29T05:16:18Z
23453763,https://github.com/ajmadsen/goff,ajmadsen,2014-08-29T05:36:38Z
23453285,https://github.com/cxfcxf/nagtomaps,cxfcxf,2014-08-29T05:09:40Z