39925225,https://github.com/Symantec/slack-autoarchive,Symantec,2015-07-30T01:40:49Z
39924747,https://github.com/ntt-sic/masakari,ntt-sic,2015-07-30T01:28:05Z
39924316,https://github.com/RGreinacher/AmbiGrid,RGreinacher,2015-07-30T01:16:11Z
39925396,https://github.com/d8ahazard/addonscriptorde-beta-repo,d8ahazard,2015-07-30T01:45:06Z
39925603,https://github.com/oztalha/MPP-TR,oztalha,2015-07-30T01:50:35Z
39925675,https://github.com/infernalheaven/idapathfinder,infernalheaven,2015-07-30T01:52:11Z
39925664,https://github.com/infernalheaven/idascript,infernalheaven,2015-07-30T01:52:01Z
39924614,https://github.com/erivanio/candidatos_teste,erivanio,2015-07-30T01:24:51Z
39925671,https://github.com/chao-ma/Common-Utils,chao-ma,2015-07-30T01:52:07Z
39925815,https://github.com/flavindias/estagio-sys,flavindias,2015-07-30T01:54:57Z
39925833,https://github.com/flavindias/laboratorio-programacao-bsi-ufrpe,flavindias,2015-07-30T01:55:25Z
39925286,https://github.com/xorobabel/permutationrank,xorobabel,2015-07-30T01:42:13Z
39924269,https://github.com/brethvoice/CSCE_823_Summer_2015,brethvoice,2015-07-30T01:15:35Z
39925252,https://github.com/chouqin/scalable-ml,chouqin,2015-07-30T01:41:25Z
39924824,https://github.com/SunsetReboot/KivyPractice,SunsetReboot,2015-07-30T01:30:08Z
39925983,https://github.com/ZHamadyk/My-Attempt-to-Make-Code-,ZHamadyk,2015-07-30T01:59:14Z
39925035,https://github.com/brethvoice/STAT_694_Summer_2015,brethvoice,2015-07-30T01:35:32Z
39924052,https://github.com/s15008/breakout_test,s15008,2015-07-30T01:09:32Z
39925971,https://github.com/jacky-liang/music-generator,jacky-liang,2015-07-30T01:58:46Z
39925354,https://github.com/mr-uuid/snippets,mr-uuid,2015-07-30T01:44:08Z
39924156,https://github.com/nihilus/idastruct-1,nihilus,2015-07-30T01:12:28Z
39925686,https://github.com/infernalheaven/baudrate,infernalheaven,2015-07-30T01:52:24Z
39925888,https://github.com/flavindias/sistema-academico-ufrpe,flavindias,2015-07-30T01:56:37Z
39925077,https://github.com/Midaysa/roboland,Midaysa,2015-07-30T01:36:58Z
39924383,https://github.com/zhibzeng/YxctProjects,zhibzeng,2015-07-30T01:18:18Z
39925313,https://github.com/noahzweben/DanceMuse,noahzweben,2015-07-30T01:43:10Z
39924238,https://github.com/ginnypx1/PyDice,ginnypx1,2015-07-30T01:14:39Z
39924646,https://github.com/aashidham/formparse,aashidham,2015-07-30T01:25:32Z
39924984,https://github.com/lostsquirrel/sg7,lostsquirrel,2015-07-30T01:34:27Z
39925064,https://github.com/jhrfeng/sample_hack,jhrfeng,2015-07-30T01:36:25Z
39924378,https://github.com/Maikflow/chulis_tube,Maikflow,2015-07-30T01:18:11Z
39925167,https://github.com/JonesCD/code_challenges,JonesCD,2015-07-30T01:39:16Z
39925582,https://github.com/florije1988/local_demo,florije1988,2015-07-30T01:50:02Z
39924153,https://github.com/321core/NLP,321core,2015-07-30T01:12:21Z
39924990,https://github.com/iblis17/couchfs,iblis17,2015-07-30T01:34:36Z
39924446,https://github.com/JonesCD/mcmercly,JonesCD,2015-07-30T01:19:55Z
39924697,https://github.com/danielfaulknor/mediacontrol,danielfaulknor,2015-07-30T01:27:01Z
39925020,https://github.com/aslattery19/Tetris,aslattery19,2015-07-30T01:35:11Z