142182592,https://github.com/mjendrusch/torchsupport,mjendrusch,2018-07-24T16:05:53Z
142185983,https://github.com/MaKiPL/ASLR_disabler,MaKiPL,2018-07-24T16:36:21Z
142182423,https://github.com/mattsta/netmatt,mattsta,2018-07-24T16:04:31Z
142186681,https://github.com/feldman4/OpticalPooledScreens,feldman4,2018-07-24T16:42:09Z
142186633,https://github.com/jason9075/pokemon_dcgan,jason9075,2018-07-24T16:41:50Z
142188487,https://github.com/anand-subu/Point-Cloud-Denoising,anand-subu,2018-07-24T16:59:56Z
142187187,https://github.com/alexisdrakopoulos/Numerical-Algorithms-in-Python,alexisdrakopoulos,2018-07-24T16:46:56Z
142183960,https://github.com/jeremymtan/Todd,jeremymtan,2018-07-24T16:18:03Z
142182611,https://github.com/DDMAL/diagonal-neume-slicing,DDMAL,2018-07-24T16:06:03Z
142183491,https://github.com/aries-M/my_deepwalk,aries-M,2018-07-24T16:14:06Z
142185167,https://github.com/jiinjeong/Urban-Tree-Canopy,jiinjeong,2018-07-24T16:29:05Z
142187354,https://github.com/tormaid/colorfade,tormaid,2018-07-24T16:48:25Z
142186932,https://github.com/thomasjpfan/seaborn-docset,thomasjpfan,2018-07-24T16:44:33Z
142183202,https://github.com/busesavci245/elifinokuzu-old-,busesavci245,2018-07-24T16:11:12Z
142184155,https://github.com/M4rkD/Rynner,M4rkD,2018-07-24T16:19:46Z
142182179,https://github.com/jenny456/Automatic-waterflow-meter-reading,jenny456,2018-07-24T16:02:08Z
142186225,https://github.com/nmdp-bioinformatics/act-client,nmdp-bioinformatics,2018-07-24T16:38:37Z
142188171,https://github.com/heureka/llconfig,heureka,2018-07-24T16:56:57Z
142183313,https://github.com/nitxiodev/numbers-solver,nitxiodev,2018-07-24T16:12:14Z
142182373,https://github.com/rinebob/Spell_of_Awareness,rinebob,2018-07-24T16:04:02Z
142182776,https://github.com/FunkeGoodVibe/LargestProductInGridEuler,FunkeGoodVibe,2018-07-24T16:07:33Z
142188305,https://github.com/messrobd/nok-shareprice-forecast,messrobd,2018-07-24T16:58:06Z
142185158,https://github.com/aveetron/Automated-spam-message-eraser,aveetron,2018-07-24T16:29:02Z
142182643,https://github.com/praneshjameen/pythonProj,praneshjameen,2018-07-24T16:06:27Z
142187052,https://github.com/Abdul7275/report-sharing-among-hospital-employees,Abdul7275,2018-07-24T16:45:47Z
142187660,https://github.com/jeonbr/myvariant_registry,jeonbr,2018-07-24T16:51:32Z
142184194,https://github.com/tme-wl/monet,tme-wl,2018-07-24T16:20:05Z
142184924,https://github.com/PriyalNarang/Ann,PriyalNarang,2018-07-24T16:27:02Z
142185938,https://github.com/sueae/jubilant-spoon,sueae,2018-07-24T16:35:54Z
142186592,https://github.com/cypherlou/slackbot,cypherlou,2018-07-24T16:41:33Z
142187911,https://github.com/willatrev/test12,willatrev,2018-07-24T16:54:03Z
142188031,https://github.com/prakasharul/rss2json,prakasharul,2018-07-24T16:55:19Z
142188046,https://github.com/Rafael-Ernesto-Perez/Investigacion,Rafael-Ernesto-Perez,2018-07-24T16:55:27Z
142182253,https://github.com/shu-yusa/mongodb-sample,shu-yusa,2018-07-24T16:02:52Z
142183476,https://github.com/chandramohann/entity-resolution,chandramohann,2018-07-24T16:13:56Z
142182818,https://github.com/markos373/fortnitetracker,markos373,2018-07-24T16:07:57Z
142182162,https://github.com/DiegoSantosWS/spotfy-py,DiegoSantosWS,2018-07-24T16:02:00Z
142186613,https://github.com/AchyuthReddy1994/MachineLearningModels,AchyuthReddy1994,2018-07-24T16:41:43Z
142183848,https://github.com/payush/ayush-crowdbotics-378,payush,2018-07-24T16:17:06Z
142183139,https://github.com/vaibhavbafna5/reddit-QA,vaibhavbafna5,2018-07-24T16:10:36Z
142185144,https://github.com/laynahgao/wdi-weed6-codebar,laynahgao,2018-07-24T16:28:55Z
142184822,https://github.com/avinashredyy/Dictionary,avinashredyy,2018-07-24T16:26:06Z
142187770,https://github.com/flippelt/CursoEmVideo,flippelt,2018-07-24T16:52:33Z
142187954,https://github.com/l2radamanthys/TkTranslate,l2radamanthys,2018-07-24T16:54:36Z
142183295,https://github.com/666stars13/my-first-blog,666stars13,2018-07-24T16:12:02Z
142187003,https://github.com/garrettsomers/hot100plots,garrettsomers,2018-07-24T16:45:14Z
142186471,https://github.com/Cricco95/FreesoundAudioTaggingChallenge,Cricco95,2018-07-24T16:40:37Z
142186654,https://github.com/vitkhab/flask-example-app,vitkhab,2018-07-24T16:42:00Z
142185543,https://github.com/belyazidi56/Support,belyazidi56,2018-07-24T16:32:32Z
142184876,https://github.com/kawsernasim/nuzled,kawsernasim,2018-07-24T16:26:31Z
142184142,https://github.com/GluuFederation/oxdTester,GluuFederation,2018-07-24T16:19:40Z
142182110,https://github.com/ebiomidi66/instahacak,ebiomidi66,2018-07-24T16:01:35Z
142182034,https://github.com/morita657/Algorithms,morita657,2018-07-24T16:00:55Z
142184871,https://github.com/107pilot/MMR,107pilot,2018-07-24T16:26:29Z
142185850,https://github.com/weeshree/ML-AndrewNg,weeshree,2018-07-24T16:35:10Z
142183770,https://github.com/jpaav/MIT_OCW_Server,jpaav,2018-07-24T16:16:28Z
142184484,https://github.com/marcofavorito/knowledge-based-telegram-bot,marcofavorito,2018-07-24T16:22:49Z
142185476,https://github.com/blablupcom/sp_E3632_EAEBC_gov,blablupcom,2018-07-24T16:31:49Z
142184549,https://github.com/DanielFLopez/python-examples,DanielFLopez,2018-07-24T16:23:32Z
142183151,https://github.com/qiangayz/DesignPatterns,qiangayz,2018-07-24T16:10:42Z
142183077,https://github.com/shakanen1512/phamquynhchi-fundamental-c4e20,shakanen1512,2018-07-24T16:10:00Z
142185810,https://github.com/southekal/baby-log-monitor,southekal,2018-07-24T16:34:50Z
142185951,https://github.com/faarhann/wordcount,faarhann,2018-07-24T16:36:03Z
142186000,https://github.com/mimo1999/SPSLS,mimo1999,2018-07-24T16:36:33Z
142184365,https://github.com/t10chap/codebarHW,t10chap,2018-07-24T16:21:43Z
142182038,https://github.com/singlean/business,singlean,2018-07-24T16:00:56Z
142188235,https://github.com/un4ckn0wl3z/CUTTER,un4ckn0wl3z,2018-07-24T16:57:37Z
142185931,https://github.com/PhyProg/Stochastic-Processes,PhyProg,2018-07-24T16:35:52Z
142182213,https://github.com/nacholee748/MyFirstGitJIM,nacholee748,2018-07-24T16:02:28Z
142183233,https://github.com/J0shuaFernandes/Apple-Classifier,J0shuaFernandes,2018-07-24T16:11:28Z
142187855,https://github.com/lucsbasto/gestao_clientes,lucsbasto,2018-07-24T16:53:23Z
142182469,https://github.com/lizhihao6/Gesture-Identification,lizhihao6,2018-07-24T16:04:53Z
142187372,https://github.com/Badhreesh/Thesis,Badhreesh,2018-07-24T16:48:38Z
142183748,https://github.com/kimwondo/Git_Test_Sample01,kimwondo,2018-07-24T16:16:19Z
142182736,https://github.com/seank-com/iot-device-python,seank-com,2018-07-24T16:07:11Z
142182769,https://github.com/ShiinaOrez/rabbitMQ-Python,ShiinaOrez,2018-07-24T16:07:28Z
142187594,https://github.com/Rafaelchen0625/Hybrid-Monte-Carlo,Rafaelchen0625,2018-07-24T16:50:52Z
142184354,https://github.com/jlanga/snakelint,jlanga,2018-07-24T16:21:33Z
142182137,https://github.com/yuliashoot/search-engine,yuliashoot,2018-07-24T16:01:48Z
142184781,https://github.com/killerzman/SimpleWebDiff,killerzman,2018-07-24T16:25:45Z
142188417,https://github.com/vartanbeno/django-tutorial,vartanbeno,2018-07-24T16:59:12Z
142187220,https://github.com/icicl/connect4,icicl,2018-07-24T16:47:15Z
142188127,https://github.com/txgisci/georef,txgisci,2018-07-24T16:56:23Z
142182950,https://github.com/lbillingham/unreadable_in_any_language,lbillingham,2018-07-24T16:08:57Z
142187677,https://github.com/Clement-O/Projet_05,Clement-O,2018-07-24T16:51:40Z
142185788,https://github.com/alexscharp/FunDesign,alexscharp,2018-07-24T16:34:41Z
142182994,https://github.com/payush/ayush-crowdbotics-375,payush,2018-07-24T16:09:18Z
142187948,https://github.com/danielgrubbs/DjangoBlog,danielgrubbs,2018-07-24T16:54:32Z
142186467,https://github.com/0656372710/Support,0656372710,2018-07-24T16:40:35Z
142185402,https://github.com/blablupcom/sp_E1036_EBC_gov,blablupcom,2018-07-24T16:31:10Z
142187060,https://github.com/CustomOdoo/odoo_accounting_ke,CustomOdoo,2018-07-24T16:45:50Z
142184516,https://github.com/drshivago/memotosim,drshivago,2018-07-24T16:23:12Z
142182380,https://github.com/ziheng1228/ziheng-python-first-try,ziheng1228,2018-07-24T16:04:06Z
142183909,https://github.com/gmathur/jetson-ros-autonomous,gmathur,2018-07-24T16:17:39Z
142183334,https://github.com/astrom-tom/SEDobs,astrom-tom,2018-07-24T16:12:28Z
142186428,https://github.com/BeckerFelix/KITTI-to-tfrecords,BeckerFelix,2018-07-24T16:40:15Z
142183712,https://github.com/Ckirk617/ThinkTanks,Ckirk617,2018-07-24T16:15:59Z
142188121,https://github.com/ArnoldWinkelried/MessingUpWithPython,ArnoldWinkelried,2018-07-24T16:56:20Z
142184137,https://github.com/andela-mekwenugo/fileConvertApp,andela-mekwenugo,2018-07-24T16:19:38Z
142186784,https://github.com/y-jono/twapi-sample,y-jono,2018-07-24T16:43:09Z
142186891,https://github.com/vinitrg/drishya,vinitrg,2018-07-24T16:44:12Z
142186436,https://github.com/AdamaTraore75020/BomberFighter,AdamaTraore75020,2018-07-24T16:40:17Z
142182112,https://github.com/Alphaopen/alphalogic_api,Alphaopen,2018-07-24T16:01:35Z
142186005,https://github.com/aalphakumari/Face-Recognition,aalphakumari,2018-07-24T16:36:35Z
142183771,https://github.com/payush/ayush-crowdbotics-377,payush,2018-07-24T16:16:28Z
142182315,https://github.com/tomasferrerb/ProyectoMina,tomasferrerb,2018-07-24T16:03:32Z
142185305,https://github.com/1boyer/python_challenge,1boyer,2018-07-24T16:30:16Z
142187834,https://github.com/leoayoria/test-checker,leoayoria,2018-07-24T16:53:09Z
142188472,https://github.com/un4ckn0wl3z/DNSM0V3,un4ckn0wl3z,2018-07-24T16:59:49Z
142183040,https://github.com/JohannesSeikowsky/battery_monitoring,JohannesSeikowsky,2018-07-24T16:09:42Z
142182273,https://github.com/nitsmax/test_flask,nitsmax,2018-07-24T16:03:05Z
142186235,https://github.com/u01ai11/gotWorms,u01ai11,2018-07-24T16:38:43Z
142187266,https://github.com/tzzs/LintCode,tzzs,2018-07-24T16:47:41Z
142187932,https://github.com/spinning-gears/tetration-sensor-report,spinning-gears,2018-07-24T16:54:23Z
142185680,https://github.com/danielamas/python-oo2,danielamas,2018-07-24T16:33:46Z
142186711,https://github.com/mohitsharma294/churn_prediction,mohitsharma294,2018-07-24T16:42:27Z
142181949,https://github.com/mrvollger/NucFreq,mrvollger,2018-07-24T16:00:08Z
142183177,https://github.com/achyuth113/insta,achyuth113,2018-07-24T16:10:55Z
142183897,https://github.com/payush/ayush-crowdbotics-379,payush,2018-07-24T16:17:32Z
142188450,https://github.com/asnewton/Linked-List,asnewton,2018-07-24T16:59:31Z
142186974,https://github.com/Michael-JB/auto-typeracer,Michael-JB,2018-07-24T16:44:58Z
142185542,https://github.com/blablupcom/sp_E1537_EFDC_gov,blablupcom,2018-07-24T16:32:32Z
142187011,https://github.com/preetyonline/Webscrapping,preetyonline,2018-07-24T16:45:21Z
142188430,https://github.com/chuckstickney/DCNP,chuckstickney,2018-07-24T16:59:19Z
142188432,https://github.com/dsportes/asocialsrv,dsportes,2018-07-24T16:59:21Z
142183704,https://github.com/VariSingh/deepMNIST,VariSingh,2018-07-24T16:15:53Z
142184080,https://github.com/jagarcia1651/My-OAuth2.0,jagarcia1651,2018-07-24T16:19:13Z
142188123,https://github.com/AlphaaPie/JuiceBOT,AlphaaPie,2018-07-24T16:56:22Z
142182785,https://github.com/Mo-B/CRUD-ops,Mo-B,2018-07-24T16:07:39Z
142182907,https://github.com/Gamalovic/Floki-AI,Gamalovic,2018-07-24T16:08:41Z
142183108,https://github.com/payush/cristianoronaldoyopmailcom-376,payush,2018-07-24T16:10:16Z
142182018,https://github.com/jiunaing/ControlSys,jiunaing,2018-07-24T16:00:49Z